11111100011000110001100011000110001100011000111111
00001000110010101001100010000100001000010000100001
11111000010000100001000010001000100010001000011111
11111000100010001000111110000100010001000100010000
10001100011000110001111110000100001000010000100001
11111100001000010000111110000100001000010000111111
00001000100010001000111111000110001100011000111111
11111000100010001000100001000010000100001000010000
11111100011000110001111111000110001100011000111111
11111100011000110001100011111100010001000100010000
