0 835 582.5 1 835 272 0 835 2205.5 1 835 1697 1 835 1004 0 835 1300.5 0 835 1571.5
0 31 64.5 1 31 98.2 1 31 236.5 0 31 99 1 31 91 1 31 188.5 0 31 92.7
0 92 223 0 92 136.4 1 92 376 1 92 377 1 92 227 1 92 196 1 92 194.4
1 481 261.5 1 481 103.2 1 481 1277.5 1 481 1078 0 481 610 1 481 878.5 0 481 867.7
0 877 452.5 0 877 198.4 1 877 2276.5 1 877 1844 0 877 899 0 877 1493.5 0 877 1663.9
1 484 279 0 484 160.8 1 484 1378 0 484 1104 1 484 678 0 484 756 0 484 965.8
1 458 372 1 458 127.6 0 458 1152 1 458 960 0 458 532 0 458 758 1 458 860.6
0 135 194.5 1 135 117 1 135 516.5 0 135 382 1 135 161 1 135 356.5 1 135 233.5
0 630 486 1 630 173 0 630 1633 1 630 1389 1 630 681 0 630 987 0 630 1228
1 464 309 1 464 191.8 1 464 1345 1 464 1002 0 464 589 1 464 796 1 464 883.8
0 432 360 0 432 124.4 1 432 1256 1 432 892 1 432 612 0 432 762 1 432 844.4
0 495 271.5 0 495 230 0 495 1344.5 1 495 1165 1 495 499 0 495 782.5 0 495 1025.5
1 242 267 1 242 177.4 1 242 741 1 242 619 1 242 251 1 242 550 1 242 483.4
1 586 417 0 586 170.2 1 586 1469 1 586 1252 0 586 661 1 586 1040 1 586 1067.2
1 541 435.5 1 541 252.2 0 541 1459.5 1 541 1235 1 541 674 0 541 932.5 0 541 989.7
0 849 597.5 0 849 236.8 0 849 2123.5 0 849 1728 1 849 1018 1 849 1384.5 0 849 1488.3
1 35 213.5 1 35 58 0 35 209.5 0 35 253 0 35 43 1 35 81.5 1 35 124.5
1 742 486 0 742 210.4 0 742 1992 1 742 1618 1 742 864 0 742 1177 0 742 1300.4
1 420 297 1 420 214 0 420 1206 1 420 1030 0 420 617 0 420 646 0 420 885
0 598 442 1 598 120.6 1 598 1589 1 598 1340 1 598 733 1 598 995 1 598 1183.6
1 935 596.5 0 935 302 0 935 2425.5 0 935 1915 0 935 977 0 935 1589.5 1 935 1593.5
1 37 28.5 0 37 62.4 1 37 212.5 0 37 127 0 37 159 1 37 244.5 1 37 213.9
1 823 548.5 1 823 361.6 0 823 2112.5 0 823 1720 0 823 977 1 823 1293.5 0 823 1437.1
0 164 217 0 164 190.8 1 164 461 0 164 392 1 164 283 1 164 394 1 164 470.8
0 872 596 0 872 230.4 0 872 2243 0 872 1753 1 872 977 0 872 1375 1 872 1599.4
0 702 503 1 702 167.4 0 702 1886 0 702 1584 1 702 770 1 702 1162 1 702 1375.4
0 698 540 1 698 187.6 0 698 1759 0 698 1521 0 698 713 0 698 1131 1 698 1329.6
1 912 588 0 912 281.4 0 912 2358 1 912 1828 0 912 1061 0 912 1456 1 912 1667.4
1 728 493 0 728 344.6 0 728 1903 1 728 1542 0 728 785 1 728 1158 1 728 1402.6
0 299 275.5 0 299 175.8 1 299 766.5 0 299 732 1 299 308 1 299 503.5 0 299 681.3
0 171 167.5 0 171 139.2 0 171 433.5 1 171 489 1 171 269 0 171 329.5 0 171 335.7
1 206 254 0 206 158.2 0 206 604 1 206 464 1 206 275 0 206 500 0 206 357.2
1 733 557.5 0 733 259.6 1 733 1968.5 1 733 1633 1 733 876 1 733 1157.5 1 733 1285.1
0 988 531 1 988 227.6 1 988 2525 1 988 2083 1 988 1111 1 988 1590 0 988 1707.6
1 823 455.5 1 823 229.6 1 823 2163.5 1 823 1653 1 823 1001 0 823 1423.5 1 823 1478.1
1 61 108.5 1 61 77.2 1 61 201.5 1 61 131 1 61 258 0 61 124.5 1 61 215.7
0 226 222 1 226 190.2 1 226 666 1 226 645 0 226 364 1 226 481 1 226 429.2
1 415 319.5 1 415 133 0 415 1089.5 1 415 935 1 415 571 1 415 734.5 0 415 900.5
1 812 528 0 812 190.4 1 812 2165 0 812 1667 0 812 943 0 812 1225 1 812 1495.4
0 584 414 0 584 274.8 0 584 1533 0 584 1233 1 584 761 1 584 993 1 584 1107.8
1 816 605 0 816 223.2 0 816 2088 0 816 1639 0 816 816 0 816 1418 0 816 1389.2
0 724 480 1 724 310.8 1 724 1921 0 724 1526 1 724 884 1 724 1181 1 724 1267.8
0 994 662 0 994 210.8 0 994 2652 1 994 2061 1 994 1101 1 994 1645 0 994 1798.8
1 465 402.5 0 465 196 1 465 1269.5 0 465 975 1 465 634 1 465 845.5 1 465 810.5
0 761 406.5 1 761 154.2 0 761 2077.5 1 761 1537 0 761 768 0 761 1314.5 1 761 1365.7
0 250 132 0 250 124 1 250 707 1 250 658 1 250 370 1 250 534 1 250 581
0 829 439.5 0 829 322.8 0 829 2082.5 0 829 1828 0 829 963 1 829 1407.5 1 829 1601.3
1 605 409.5 1 605 141 1 605 1531.5 0 605 1304 0 605 750 1 605 998.5 0 605 1106.5
0 192 174 1 192 207.4 1 192 573 1 192 422 1 192 289 1 192 371 0 192 375.4
0 899 597.5 0 899 266.8 0 899 2283.5 1 899 1846 0 899 1017 1 899 1433.5 1 899 1608.3
0 677 376.5 0 677 189.4 0 677 1889.5 1 677 1415 0 677 718 0 677 1148.5 0 677 1260.9
1 690 389 1 690 157 1 690 1888 1 690 1496 0 690 867 0 690 1210 0 690 1202
0 221 222.5 0 221 181.2 1 221 685.5 0 221 579 0 221 332 1 221 525.5 0 221 498.7
0 817 437.5 1 817 278.4 1 817 2065.5 1 817 1798 1 817 993 1 817 1292.5 0 817 1573.9
1 154 97 0 154 215.8 0 154 410 1 154 421 1 154 306 1 154 354 0 154 448.8
0 724 499 1 724 291.8 1 724 1870 1 724 1588 1 724 820 1 724 1191 0 724 1261.8
1 162 235 1 162 106.4 0 162 560 1 162 488 0 162 247 1 162 331 1 162 405.4
1 697 352.5 1 697 231.4 1 697 1837.5 0 697 1430 0 697 867 0 697 1146.5 0 697 1293.9
1 173 278.5 0 173 171.6 1 173 567.5 1 173 406 1 173 201 0 173 301.5 1 173 468.1
0 556 279 0 556 284.2 1 556 1532 1 556 1207 1 556 733 1 556 874 0 556 959.2
1 682 479 0 682 213.4 1 682 1790 0 682 1498 1 682 870 0 682 1038 1 682 1338.4
0 276 256 0 276 85.2 0 276 777 1 276 646 0 276 467 0 276 585 0 276 477.2
1 540 403 1 540 163 0 540 1383 1 540 1274 1 540 555 0 540 903 1 540 998
0 84 68 0 84 188.8 1 84 292 0 84 254 1 84 282 0 84 182 1 84 260.8
1 760 540 0 760 212 0 760 1924 0 760 1612 0 760 806 0 760 1217 1 760 1371
0 106 226 1 106 107.2 1 106 418 0 106 282 0 106 131 0 106 197 1 106 349.2
0 675 469.5 1 675 263 1 675 1748.5 0 675 1405 0 675 763 0 675 1188.5 0 675 1178.5
0 540 291 0 540 192 1 540 1386 1 540 1130 0 540 542 1 540 858 0 540 1103
1 366 224 1 366 100.2 0 366 921 1 366 925 0 366 455 0 366 617 0 366 719.2
0 352 187 1 352 115.4 0 352 921 0 352 707 1 352 544 0 352 552 0 352 603.4
1 994 608 1 994 251.8 1 994 2559 0 994 2146 0 994 1073 0 994 1520 0 994 1881.8
1 145 181.5 0 145 42 0 145 404.5 0 145 305 0 145 225 0 145 218.5 1 145 343.5
0 910 644 0 910 237 1 910 2279 1 910 1900 1 910 1043 1 910 1530 1 910 1547
0 897 538.5 1 897 191.4 1 897 2416.5 1 897 1902 0 897 1090 0 897 1461.5 1 897 1583.9
1 308 306 1 308 224.6 1 308 876 0 308 693 1 308 455 1 308 479 0 308 562.6
0 9 162.5 0 9 195.8 1 9 151.5 1 9 65 1 9 87 1 9 85.5 0 9 27.3
1 108 149 1 108 213.6 0 108 313 0 108 394 1 108 167 0 108 257 0 108 358.6
0 790 540 0 790 201 0 790 1989 1 790 1594 1 790 810 0 790 1381 0 790 1493
1 523 349.5 0 523 104.6 0 523 1344.5 0 523 1208 1 523 580 1 523 795.5 0 523 1023.1
0 788 505 0 788 165.6 0 788 2000 1 788 1737 0 788 814 1 788 1259 0 788 1508.6
0 20 107 0 20 13 0 20 182 0 20 185 1 20 168 1 20 113 1 20 141
0 546 300 1 546 267.2 0 546 1550 1 546 1131 0 546 590 0 546 998 1 546 954.2
0 12 154 1 12 120.4 0 12 129 0 12 45 0 12 191 1 12 83 0 12 57.4
1 33 211.5 0 33 183.6 0 33 249.5 0 33 252 0 33 33 1 33 199.5 1 33 102.1
1 2 64 0 2 165.4 0 2 58 1 2 87 1 2 118 1 2 172 0 2 103.4
0 34 192 0 34 85.8 1 34 212 0 34 118 0 34 202 1 34 170 1 34 133.8
0 927 605.5 1 927 378.4 0 927 2381.5 0 927 2019 0 927 1109 1 927 1502.5 1 927 1630.9
0 784 554 1 784 252.8 0 784 2124 1 784 1593 1 784 817 0 784 1340 0 784 1408.8
1 110 141 0 110 184 0 110 337 1 110 311 0 110 237 1 110 298 0 110 364
0 808 474 0 808 328.6 0 808 2093 1 808 1749 0 808 871 0 808 1350 1 808 1506.6
0 954 591 0 954 326.8 1 954 2409 1 954 1916 0 954 1006 0 954 1598 0 954 1791.8
1 901 641.5 1 901 232.2 1 901 2364.5 0 901 1865 1 901 1099 0 901 1366.5 0 901 1587.7
0 429 369.5 0 429 149.8 0 429 1212.5 1 429 970 0 429 627 1 429 768.5 0 429 837.3
1 545 360.5 1 545 206 1 545 1486.5 1 545 1241 0 545 572 0 545 936.5 1 545 989.5
0 635 455.5 0 635 291 0 635 1762.5 1 635 1383 0 635 762 1 635 966.5 1 635 1269.5
1 291 310.5 0 291 125.2 0 291 733.5 1 291 764 0 291 296 0 291 533.5 1 291 598.7
1 735 479.5 0 735 194 1 735 1986.5 1 735 1517 0 735 928 1 735 1260.5 0 735 1342.5
1 499 264.5 0 499 111.8 1 499 1372.5 1 499 1186 0 499 665 1 499 769.5 1 499 950.3
0 398 272 1 398 242.6 0 398 1140 0 398 883 0 398 564 0 398 611 1 398 733.6
1 31 148.5 0 31 130.2 0 31 85.5 0 31 76 0 31 141 1 31 160.5 1 31 238.7
1 73 44.5 0 73 37.6 0 73 217.5 1 73 231 0 73 216 0 73 178.5 1 73 223.1
0 116 116 1 116 56.2 1 116 305 1 116 240 1 116 249 1 116 348 1 116 251.2
1 302 191 1 302 79.4 1 302 921 1 302 653 1 302 321 0 302 566 0 302 700.4
1 904 629 1 904 316.8 1 904 2365 0 904 1969 0 904 1078 1 904 1440 1 904 1621.8
1 147 196.5 0 147 88.4 1 147 566.5 1 147 493 0 147 216 1 147 258.5 0 147 339.9
0 561 389.5 1 561 233.2 1 561 1452.5 0 561 1277 0 561 584 1 561 1030.5 1 561 1104.7
0 654 480 1 654 146.8 0 654 1756 1 654 1358 0 654 675 1 654 1079 1 654 1170.8
1 744 457 1 744 236.8 0 744 1932 0 744 1681 1 744 760 0 744 1187 0 744 1426.8
1 892 574 1 892 214.4 1 892 2396 0 892 1924 0 892 1083 0 892 1502 0 892 1572.4
0 158 133 1 158 198.6 0 158 483 1 158 410 0 158 325 1 158 404 1 158 275.6
1 56 116 0 56 114.2 1 56 223 1 56 258 0 56 214 0 56 177 0 56 150.2
1 943 598.5 1 943 211.6 0 943 2512.5 0 943 2078 0 943 1000 1 943 1604.5 0 943 1734.1
0 187 144.5 1 187 167.4 1 187 481.5 1 187 500 0 187 372 0 187 333.5 1 187 496.9
1 703 492.5 1 703 291.6 1 703 1783.5 0 703 1594 1 703 735 0 703 1210.5 0 703 1379.1
0 853 560.5 0 853 268.6 1 853 2285.5 1 853 1746 0 853 878 0 853 1287.5 0 853 1498.1
1 285 274.5 0 285 162 0 285 776.5 0 285 739 0 285 420 1 285 474.5 0 285 568.5
0 330 315 1 330 110 0 330 960 1 330 791 1 330 371 0 330 578 0 330 759
1 230 183 0 230 144 0 230 767 1 230 523 0 230 398 0 230 400 1 230 490
0 861 619.5 1 861 192.2 0 861 2257.5 1 861 1866 1 861 1055 1 861 1490.5 1 861 1496.7
0 905 609.5 0 905 351 0 905 2298.5 1 905 1993 1 905 1070 1 905 1447.5 0 905 1724.5
1 428 404 1 428 96.6 0 428 1203 1 428 971 0 428 499 1 428 772 1 428 879.6
0 810 566 1 810 252 0 810 2044 0 810 1683 0 810 980 0 810 1405 0 810 1480
0 865 577.5 1 865 211 0 865 2230.5 0 865 1918 1 865 924 1 865 1412.5 1 865 1503.5
1 660 386 0 660 163 1 660 1687 1 660 1420 0 660 672 0 660 1111 0 660 1285
1 252 201 0 252 168.4 1 252 734 0 252 661 0 252 369 0 252 395 1 252 524.4
0 102 200 1 102 42.4 1 102 446 0 102 308 0 102 109 0 102 242 1 102 320.4
1 514 339 1 514 285.8 0 514 1379 0 514 1174 1 514 668 1 514 794 1 514 1068.8
0 520 430 1 520 296 1 520 1466 1 520 1223 0 520 714 0 520 940 1 520 905
1 54 141 0 54 183.8 1 54 177 1 54 236 0 54 241 0 54 85 1 54 276.8
1 889 594.5 1 889 353.8 1 889 2316.5 1 889 1929 1 889 1005 1 889 1368.5 0 889 1603.3
1 679 519.5 0 679 223.8 0 679 1826.5 0 679 1358 0 679 751 0 679 1083.5 1 679 1174.3
1 123 107.5 1 123 158.6 0 123 337.5 1 123 316 1 123 249 0 123 382.5 1 123 370.1
0 304 331 1 304 143.8 1 304 766 0 304 692 0 304 312 0 304 551 0 304 531.8
0 287 315.5 1 287 67.4 1 287 816.5 0 287 650 0 287 446 1 287 584.5 0 287 599.9
1 253 265.5 1 253 166.6 1 253 830.5 1 253 673 0 253 266 0 253 463.5 1 253 497.1
1 501 287.5 1 501 240.2 0 501 1302.5 0 501 1002 1 501 674 0 501 936.5 0 501 921.7
1 836 595 0 836 197.2 0 836 2259 1 836 1700 1 836 950 0 836 1397 1 836 1606.2
1 628 330 1 628 283.6 1 628 1617 0 628 1263 0 628 720 0 628 1054 1 628 1108.6
0 980 506 1 980 239 0 980 2460 0 980 2064 1 980 1146 1 980 1539 1 980 1678
0 698 430 1 698 208.6 1 698 1872 0 698 1397 1 698 877 1 698 1132 0 698 1339.6
0 486 257 1 486 144.2 1 486 1318 1 486 1090 0 486 519 1 486 855 1 486 967.2
0 383 261.5 0 383 248.6 1 383 1069.5 0 383 771 0 383 486 1 383 650.5 1 383 750.1
0 858 506 0 858 259.6 0 858 2216 1 858 1807 0 858 989 1 858 1302 0 858 1460.6
1 935 537.5 0 935 290 1 935 2487.5 1 935 1901 1 935 1005 0 935 1521.5 1 935 1752.5
1 410 292 0 410 189 0 410 1030 0 410 977 0 410 467 0 410 708 0 410 708
1 557 295.5 0 557 223.4 0 557 1586.5 1 557 1272 1 557 659 1 557 837.5 1 557 960.9
1 581 388.5 1 581 311.2 1 581 1464.5 0 581 1256 0 581 734 1 581 956.5 0 581 1042.7
1 807 448.5 0 807 279.4 1 807 2105.5 0 807 1758 0 807 881 0 807 1248.5 0 807 1494.9
1 765 431.5 0 765 304 1 765 2065.5 1 765 1616 1 765 766 1 765 1294.5 0 765 1446.5
0 603 363.5 1 603 160.6 0 603 1520.5 0 603 1264 1 603 706 0 603 1064.5 0 603 1201.1
0 493 347.5 1 493 143.6 1 493 1413.5 1 493 1085 1 493 642 0 493 763.5 1 493 947.1
1 294 258 1 294 108.8 1 294 843 1 294 642 1 294 448 1 294 453 1 294 543.8
0 820 574 0 820 206 1 820 2176 0 820 1698 0 820 956 1 820 1349 1 820 1569
0 506 284 1 506 254.2 1 506 1325 0 506 1016 0 506 524 0 506 844 0 506 922.2
0 635 353.5 1 635 246 1 635 1635.5 0 635 1300 1 635 776 1 635 1101.5 1 635 1208.5
1 944 536 0 944 221.8 1 944 2452 0 944 1989 0 944 960 0 944 1521 1 944 1660.8
1 572 300 0 572 299.4 1 572 1491 0 572 1217 0 572 717 1 572 941 0 572 1088.4
1 607 391.5 0 607 153.4 1 607 1529.5 1 607 1218 1 607 724 0 607 974.5 0 607 1058.9
1 286 165 0 286 204.2 1 286 754 0 286 634 1 286 440 1 286 430 0 286 648.2
1 303 195.5 1 303 76.6 1 303 880.5 1 303 780 1 303 409 0 303 509.5 0 303 606.1
0 997 585.5 1 997 368.4 0 997 2590.5 0 997 2188 1 997 1183 1 997 1629.5 0 997 1732.9
0 344 268 0 344 203.8 0 344 951 1 344 864 0 344 352 1 344 659 0 344 693.8
0 330 274 1 330 105 1 330 945 1 330 705 0 330 514 0 330 514 1 330 642
1 436 246 0 436 168.2 0 436 1237 1 436 1014 0 436 622 0 436 758 1 436 881.2
0 927 569.5 1 927 306.4 0 927 2327.5 0 927 1856 1 927 1080 1 927 1536.5 1 927 1622.9
0 214 256 1 214 164.8 0 214 557 0 214 577 1 214 288 0 214 341 1 214 363.8
1 908 541 0 908 373.6 1 908 2332 1 908 2000 0 908 1036 1 908 1415 0 908 1698.6
0 266 244 1 266 53.2 0 266 666 0 266 641 1 266 446 0 266 428 0 266 629.2
1 492 274 0 492 228.4 1 492 1273 1 492 992 0 492 524 0 492 915 1 492 953.4
1 45 56.5 1 45 25 0 45 210.5 0 45 155 1 45 140 1 45 160.5 0 45 149.5
1 968 530 1 968 346.6 0 968 2448 1 968 2081 0 968 1157 0 968 1630 0 968 1674.6
0 569 482.5 1 569 266.8 1 569 1613.5 1 569 1177 1 569 702 0 569 1031.5 0 569 1066.3
1 802 487 0 802 276.4 0 802 2025 0 802 1750 0 802 881 1 802 1226 1 802 1413.4
1 648 327 1 648 207.6 0 648 1646 0 648 1395 1 648 670 1 648 1107 1 648 1189.6
0 25 70.5 1 25 128 1 25 165.5 1 25 238 1 25 173 1 25 211.5 0 25 211.5
0 119 233.5 1 119 218.8 1 119 370.5 1 119 335 1 119 159 1 119 350.5 0 119 401.3
0 359 244.5 0 359 208.8 0 359 919.5 1 359 789 0 359 436 0 359 686.5 0 359 741.3
1 813 469.5 1 813 190.6 0 813 2218.5 0 813 1785 1 813 954 0 813 1416.5 1 813 1515.1
1 916 524 1 916 217.2 1 916 2356 0 916 1968 0 916 1059 1 916 1544 0 916 1632.2
0 804 509 1 804 255.8 1 804 2158 0 804 1734 0 804 935 1 804 1296 0 804 1514.8
1 134 263 1 134 149.8 1 134 338 0 134 331 0 134 155 0 134 209 1 134 384.8
0 825 424.5 0 825 324 0 825 2079.5 0 825 1841 0 825 851 1 825 1283.5 1 825 1407.5
0 633 387.5 1 633 262.6 0 633 1736.5 1 633 1362 1 633 772 1 633 1043.5 0 633 1089.1
1 211 221.5 0 211 202.2 1 211 715.5 1 211 599 0 211 317 0 211 417.5 0 211 358.7
1 588 487 1 588 135.6 0 588 1650 0 588 1342 0 588 621 1 588 1024 0 588 1194.6
0 423 360.5 0 423 116.6 0 423 1233.5 1 423 927 0 423 528 1 423 782.5 0 423 849.1
1 28 210 0 28 46.6 0 28 257 0 28 56 1 28 62 1 28 136 0 28 201.6
0 469 245.5 0 469 258.8 0 469 1343.5 1 469 1132 0 469 575 1 469 844.5 0 469 911.3
0 645 376.5 1 645 268 1 645 1738.5 1 645 1489 0 645 783 0 645 969.5 1 645 1252.5
1 632 500 0 632 201.4 1 632 1688 1 632 1285 0 632 661 1 632 1006 1 632 1231.4
1 781 535.5 0 781 189.2 0 781 1988.5 0 781 1599 0 781 799 0 781 1242.5 0 781 1448.7
1 828 613 1 828 177.6 0 828 2161 1 828 1849 0 828 883 1 828 1440 0 828 1496.6
1 976 550 0 976 319.2 0 976 2581 1 976 2060 1 976 1048 0 976 1662 0 976 1791.2
1 996 539 1 996 355.2 1 996 2567 0 996 2186 0 996 1031 1 996 1584 0 996 1810.2
0 619 315.5 1 619 292.8 0 619 1710.5 0 619 1346 0 619 700 0 619 1078.5 0 619 1081.3
0 101 161.5 1 101 142.2 0 101 281.5 1 101 237 1 101 232 1 101 291.5 0 101 174.7
0 268 287 1 268 108.6 0 268 819 1 268 659 1 268 269 0 268 601 0 268 631.6
1 382 256 1 382 99.4 1 382 1068 1 382 872 1 382 517 0 382 638 0 382 688.4
1 206 113 1 206 182.2 0 206 609 1 206 476 0 206 396 0 206 421 0 206 460.2
0 637 438.5 1 637 141.4 0 637 1615.5 0 637 1452 0 637 807 1 637 1140.5 1 637 1109.9
1 671 485.5 0 671 182.2 0 671 1771.5 1 671 1533 1 671 717 1 671 1041.5 1 671 1186.7
1 227 127.5 0 227 222.4 1 227 637.5 0 227 642 1 227 274 1 227 482.5 0 227 431.9
0 988 581 1 988 361.6 0 988 2611 0 988 2165 1 988 994 0 988 1679 0 988 1698.6
1 640 404 1 640 145 0 640 1799 0 640 1478 0 640 741 1 640 994 0 640 1149
0 641 347.5 1 641 272.2 1 641 1753.5 0 641 1336 0 641 795 0 641 988.5 0 641 1161.7
0 451 289.5 0 451 260.2 0 451 1232.5 0 451 1074 0 451 641 0 451 770.5 0 451 815.7
0 748 395 0 748 174.6 1 748 1904 1 748 1588 0 748 908 1 748 1314 0 748 1296.6
1 560 291 1 560 198 1 560 1549 0 560 1187 0 560 704 0 560 893 0 560 1026
1 3 71.5 0 3 37.6 1 3 164.5 0 3 84 1 3 65 1 3 26.5 0 3 57.1
0 532 323 1 532 168.4 0 532 1424 1 532 1161 1 532 591 1 532 940 1 532 954.4
1 925 547.5 0 925 194 1 925 2334.5 1 925 1872 0 925 981 1 925 1507.5 0 925 1745.5
0 878 570 0 878 265.6 1 878 2261 0 878 1759 0 878 958 0 878 1329 0 878 1639.6
0 622 460 1 622 288.4 1 622 1643 1 622 1283 1 622 807 1 622 1105 1 622 1193.4
1 700 412 0 700 238 1 700 1765 1 700 1590 0 700 764 1 700 1236 0 700 1371
0 325 263.5 1 325 132 0 325 830.5 0 325 675 1 325 439 0 325 619.5 1 325 739.5
1 157 116.5 0 157 141.4 0 157 394.5 1 157 390 0 157 217 1 157 353.5 1 157 359.9
0 439 281.5 1 439 112.8 0 439 1196.5 1 439 885 1 439 453 1 439 810.5 0 439 901.3
0 732 537 0 732 271.4 0 732 1926 0 732 1512 0 732 834 1 732 1201 0 732 1300.4
1 369 290.5 0 369 125.8 1 369 1069.5 0 369 883 0 369 383 1 369 570.5 0 369 634.3
1 937 571.5 1 937 355.4 1 937 2441.5 1 937 1965 1 937 1041 0 937 1573.5 1 937 1679.9
1 315 204.5 1 315 112 0 315 908.5 1 315 664 0 315 334 1 315 518.5 0 315 674.5
0 502 446 0 502 202.4 0 502 1280 0 502 1118 1 502 607 0 502 845 1 502 995.4
0 489 370.5 1 489 173.8 0 489 1225.5 0 489 997 0 489 606 0 489 801.5 0 489 994.3
0 303 176.5 1 303 204.6 0 303 761.5 1 303 649 0 303 367 1 303 525.5 1 303 571.1
0 735 457.5 0 735 264 1 735 1891.5 1 735 1567 0 735 839 0 735 1151.5 0 735 1311.5
0 738 396 0 738 254.6 0 738 1987 1 738 1587 0 738 772 1 738 1215 0 738 1451.6
0 719 482.5 1 719 230.8 1 719 1950.5 1 719 1486 1 719 879 0 719 1126.5 1 719 1403.3
0 140 104 0 140 45 0 140 522 0 140 418 0 140 306 0 140 300 1 140 394
1 483 380.5 0 483 216.6 0 483 1313.5 0 483 1150 1 483 659 0 483 803.5 1 483 1003.1
1 127 63.5 0 127 97.4 0 127 469.5 0 127 350 1 127 184 1 127 252.5 0 127 412.9
1 308 289 1 308 170.6 1 308 863 1 308 785 0 308 342 1 308 561 0 308 559.6
1 881 626.5 0 881 256.2 1 881 2367.5 0 881 1847 0 881 902 1 881 1499.5 1 881 1670.7
1 498 338 1 498 277.6 1 498 1352 0 498 1155 0 498 586 0 498 874 0 498 980.6
1 216 182 0 216 226.2 0 216 739 1 216 605 0 216 400 1 216 350 1 216 399.2
0 931 489.5 1 931 260.2 0 931 2450.5 0 931 1944 0 931 985 1 931 1594.5 0 931 1653.7
0 369 224.5 0 369 192.8 1 369 1078.5 0 369 808 1 369 455 1 369 640.5 0 369 742.3
0 613 439.5 0 613 217.6 0 613 1586.5 1 613 1308 0 613 721 0 613 1072.5 0 613 1126.1
0 884 501 0 884 321.8 0 884 2373 0 884 1825 0 884 971 1 884 1337 1 884 1537.8
0 500 420 0 500 246 1 500 1334 1 500 1163 1 500 536 1 500 912 0 500 981
0 285 301.5 1 285 255 0 285 716.5 1 285 729 0 285 415 0 285 586.5 1 285 619.5
1 413 259.5 0 413 143.6 1 413 1193.5 0 413 948 0 413 569 1 413 666.5 0 413 771.1
0 436 404 1 436 122.2 0 436 1102 0 436 979 1 436 594 0 436 752 1 436 755.2
1 679 453.5 0 679 300.8 0 679 1785.5 0 679 1377 1 679 815 1 679 1194.5 0 679 1209.3
1 0 174 0 0 102 0 0 89 1 0 147 1 0 183 1 0 95 1 0 6
1 169 140.5 1 169 155.8 0 169 452.5 0 169 346 1 169 308 1 169 306.5 0 169 361.3
0 689 396.5 0 689 167.8 0 689 1815.5 1 689 1450 0 689 720 1 689 1062.5 1 689 1294.3
1 322 260 1 322 124.4 1 322 981 0 322 806 0 322 331 0 322 483 1 322 733.4
0 861 629.5 1 861 322.2 0 861 2229.5 1 861 1801 0 861 985 0 861 1328.5 0 861 1529.7
0 484 391 1 484 96.8 0 484 1355 0 484 1120 1 484 548 0 484 830 0 484 945.8
1 394 301 0 394 176.8 0 394 1000 1 394 903 1 394 407 1 394 618 1 394 715.8
0 435 285.5 0 435 152 0 435 1264.5 0 435 1021 0 435 615 0 435 707.5 0 435 809.5
1 576 422 0 576 277.2 0 576 1477 1 576 1211 0 576 701 0 576 1040 1 576 1054.2
0 845 515.5 0 845 343 1 845 2263.5 1 845 1699 1 845 933 0 845 1412.5 0 845 1623.5
1 745 483.5 0 745 177 0 745 1922.5 0 745 1601 1 745 767 1 745 1214.5 1 745 1414.5
1 745 559.5 1 745 302 1 745 2054.5 1 745 1680 1 745 843 1 745 1230.5 0 745 1381.5
1 848 434 0 848 297.6 0 848 2198 1 848 1890 0 848 862 1 848 1376 1 848 1587.6
0 494 421 0 494 250.8 0 494 1309 1 494 1033 1 494 560 1 494 901 0 494 1024.8
0 894 638 1 894 269.8 1 894 2306 0 894 1946 0 894 1069 1 894 1477 1 894 1595.8
1 308 269 1 308 193.6 0 308 803 1 308 720 0 308 479 1 308 519 1 308 543.6
0 768 423 0 768 350.6 1 768 1973 0 768 1629 1 768 770 0 768 1230 0 768 1319.6
1 749 568.5 1 749 219.8 1 749 2034.5 1 749 1551 1 749 766 1 749 1160.5 1 749 1437.3
1 700 426 0 700 302 0 700 1810 0 700 1593 1 700 889 0 700 1051 1 700 1326
0 939 564.5 1 939 293.8 0 939 2356.5 1 939 1890 1 939 996 1 939 1430.5 0 939 1714.3
1 84 82 1 84 109.8 1 84 335 1 84 184 0 84 190 1 84 295 0 84 175.8
0 884 576 0 884 219.8 1 884 2362 1 884 1783 0 884 964 0 884 1336 0 884 1581.8
1 561 319.5 1 561 114.2 1 561 1440.5 0 561 1192 0 561 677 0 561 1018.5 0 561 1112.7
1 926 586 1 926 300.2 1 926 2420 0 926 1896 0 926 1109 1 926 1568 1 926 1726.2
0 633 372.5 0 633 138.6 1 633 1662.5 1 633 1327 0 633 660 1 633 1052.5 1 633 1256.1
0 626 453 1 626 205.2 0 626 1613 1 626 1410 1 626 732 1 626 984 1 626 1168.2
1 4 63 1 4 39.8 0 4 159 1 4 149 0 4 70 1 4 47 0 4 89.8
0 983 653.5 1 983 198.6 0 983 2516.5 0 983 2059 1 983 1149 0 983 1585.5 1 983 1690.1
0 571 416.5 1 571 180.2 0 571 1518.5 0 571 1153 0 571 763 1 571 1050.5 0 571 1050.7
1 994 517 0 994 297.8 0 994 2583 0 994 2048 0 994 1032 0 994 1500 0 994 1779.8
1 692 362 1 692 311.4 1 692 1842 1 692 1450 0 692 776 1 692 1062 1 692 1362.4
1 530 340 0 530 124 0 530 1476 1 530 1115 1 530 667 0 530 957 1 530 1012
1 889 500.5 0 889 360.8 1 889 2269.5 0 889 1873 1 889 1084 0 889 1481.5 0 889 1638.3
1 206 152 0 206 190.2 0 206 648 1 206 547 0 206 372 0 206 357 0 206 383.2
1 269 277.5 1 269 177.8 1 269 728.5 1 269 666 1 269 383 1 269 505.5 1 269 643.3
1 57 165.5 0 57 39.4 0 57 240.5 0 57 171 0 57 133 0 57 262.5 1 57 192.9
0 48 82 1 48 73.6 0 48 271 1 48 186 0 48 116 0 48 204 0 48 235.6
1 434 337 0 434 88.8 0 434 1233 0 434 895 0 434 460 1 434 715 0 434 920.8
0 529 428.5 1 529 142.8 0 529 1452.5 1 529 1159 0 529 599 1 529 959.5 1 529 952.3
1 747 451.5 1 747 192.4 1 747 1887.5 0 747 1607 1 747 849 1 747 1301.5 0 747 1347.9
1 842 557 1 842 249.4 0 842 2216 1 842 1799 0 842 911 0 842 1294 1 842 1584.4
1 817 475.5 0 817 243.4 0 817 2104.5 1 817 1644 0 817 877 0 817 1375.5 1 817 1406.9
0 145 155.5 0 145 209 0 145 439.5 1 145 290 1 145 166 1 145 371.5 0 145 312.5
0 181 149.5 1 181 64.2 0 181 611.5 0 181 469 0 181 212 1 181 381.5 1 181 494.7
1 934 495 0 934 253.8 0 934 2380 0 934 2049 1 934 934 1 934 1576 1 934 1595.8
1 31 71.5 0 31 198.2 0 31 224.5 1 31 171 0 31 122 0 31 244.5 1 31 224.7
1 869 468.5 0 869 222.8 1 869 2246.5 1 869 1863 0 869 1003 1 869 1340.5 1 869 1563.3
0 282 153 0 282 147.4 0 282 812 0 282 722 0 282 369 1 282 610 1 282 674.4
1 613 390.5 0 613 187.6 0 613 1582.5 0 613 1263 0 613 690 0 613 1040.5 1 613 1129.1
1 274 168 1 274 97.8 1 274 729 0 274 658 1 274 437 1 274 480 0 274 610.8
1 690 369 1 690 319 1 690 1760 1 690 1429 0 690 752 1 690 1142 0 690 1320
1 754 459 0 754 192.8 0 754 2002 0 754 1551 0 754 828 0 754 1281 1 754 1469.8
0 449 361.5 1 449 152.8 0 449 1279.5 1 449 934 0 449 500 1 449 674.5 0 449 856.3
0 452 401 0 452 267.4 1 452 1310 1 452 948 0 452 511 1 452 792 1 452 890.4
1 935 540.5 1 935 308 1 935 2470.5 0 935 1999 1 935 956 0 935 1565.5 1 935 1754.5
1 941 656.5 0 941 381.2 0 941 2532.5 0 941 1902 1 941 959 0 941 1529.5 0 941 1714.7
1 640 351 0 640 192 0 640 1648 1 640 1296 1 640 828 1 640 968 1 640 1091
1 945 491.5 0 945 252 1 945 2408.5 1 945 1915 0 945 1096 1 945 1455.5 0 945 1697.5
1 310 294 1 310 208 1 310 915 0 310 797 1 310 447 1 310 541 0 310 605
1 826 560 1 826 251.2 0 826 2080 1 826 1772 1 826 930 0 826 1313 0 826 1564.2
1 281 302.5 1 281 131.2 0 281 796.5 1 281 709 0 281 437 0 281 527.5 0 281 508.7
0 173 241.5 1 173 131.6 1 173 588.5 0 173 411 0 173 306 0 173 373.5 0 173 361.1
0 175 117.5 1 175 149 0 175 627.5 0 175 444 0 175 355 1 175 397.5 1 175 426.5
1 27 110.5 0 27 122.4 0 27 229.5 0 27 209 1 27 101 0 27 120.5 0 27 156.9
0 814 434 1 814 257.8 1 814 2211 0 814 1731 1 814 969 1 814 1350 0 814 1528.8
1 692 490 0 692 272.4 1 692 1904 1 692 1500 0 692 716 0 692 1079 0 692 1296.4
1 160 153 0 160 184 0 160 409 0 160 478 0 160 189 0 160 329 0 160 441
1 132 125 1 132 169.4 0 132 484 0 132 432 1 132 143 1 132 213 1 132 414.4
0 997 608.5 1 997 262.4 1 997 2610.5 1 997 2095 1 997 1185 1 997 1635.5 1 997 1749.9
1 990 600 0 990 248 1 990 2611 0 990 2126 1 990 1065 1 990 1599 0 990 1783
1 22 147 1 22 18.4 1 22 254 1 22 162 0 22 197 0 22 40 1 22 184.4
1 232 137 1 232 98.4 1 232 741 1 232 483 0 232 282 0 232 454 1 232 394.4
0 294 265 1 294 71.8 0 294 768 0 294 620 0 294 351 0 294 493 0 294 564.8
1 103 77.5 1 103 111.6 1 103 447.5 1 103 263 0 103 114 1 103 204.5 0 103 267.1
0 388 313 0 388 106.6 0 388 997 0 388 799 0 388 561 1 388 649 0 388 669.6
1 432 261 1 432 150.4 1 432 1138 0 432 1008 1 432 544 0 432 798 0 432 933.4
0 361 356.5 1 361 122.2 0 361 980.5 1 361 823 1 361 455 1 361 674.5 0 361 715.7
0 722 392 1 722 237.4 1 722 1957 1 722 1509 0 722 913 1 722 1230 1 722 1300.4
1 771 533.5 0 771 274.2 0 771 2027.5 0 771 1613 0 771 942 0 771 1185.5 1 771 1451.7
0 621 378.5 1 621 276.2 1 621 1602.5 0 621 1317 0 621 712 0 621 1056.5 0 621 1119.7
0 839 517.5 0 839 322.8 0 839 2215.5 1 839 1690 1 839 902 1 839 1447.5 0 839 1504.3
1 126 89 1 126 135.2 0 126 333 1 126 384 0 126 320 1 126 346 0 126 375.2
1 792 462 0 792 265.4 0 792 2116 1 792 1660 0 792 890 1 792 1320 0 792 1527.4
0 694 403 0 694 311.8 0 694 1796 1 694 1460 0 694 768 1 694 1212 0 694 1187.8
1 876 514 0 876 325.2 1 876 2198 1 876 1849 0 876 914 0 876 1339 1 876 1686.2
1 146 223 0 146 84.2 0 146 395 1 146 358 0 146 286 0 146 391 1 146 357.2
1 467 340.5 0 467 222.4 0 467 1179.5 0 467 1107 0 467 559 0 467 812.5 0 467 917.9
0 265 271.5 0 265 182 1 265 716.5 1 265 578 0 265 270 0 265 469.5 0 265 643.5
1 510 437 1 510 259 0 510 1434 0 510 1184 0 510 684 1 510 923 0 510 969
1 821 542.5 1 821 362.2 1 821 2225.5 1 821 1657 1 821 830 0 821 1338.5 1 821 1571.7
1 318 332 1 318 170.6 1 318 920 0 318 647 0 318 388 1 318 674 1 318 583.6
1 51 223.5 0 51 40.2 1 51 265.5 0 51 137 1 51 126 0 51 258.5 1 51 90.7
1 231 164.5 0 231 122.2 0 231 695.5 1 231 510 1 231 404 0 231 491.5 1 231 428.7
1 534 350 1 534 168.8 0 534 1363 1 534 1127 0 534 728 1 534 820 0 534 957.8
0 206 192 1 206 205.2 0 206 595 1 206 443 1 206 237 0 206 466 1 206 371.2
1 464 351 1 464 234.8 1 464 1285 0 464 953 0 464 472 1 464 777 0 464 943.8
0 799 555.5 1 799 265.8 1 799 2193.5 0 799 1757 0 799 955 0 799 1369.5 0 799 1509.3
0 484 299 0 484 212.8 0 484 1352 1 484 1102 0 484 628 0 484 857 1 484 872.8
0 390 210 0 390 99 0 390 1061 1 390 944 1 390 435 1 390 684 0 390 690
0 314 190 0 314 172.8 1 314 804 1 314 658 0 314 402 1 314 614 1 314 539.8
0 894 632 1 894 291.8 1 894 2343 1 894 1842 1 894 903 0 894 1429 1 894 1613.8
0 430 377 1 430 182 1 430 1139 1 430 976 1 430 550 0 430 696 1 430 867
0 344 193 0 344 119.8 1 344 976 0 344 883 0 344 440 0 344 521 1 344 732.8
0 275 334.5 1 275 76 0 275 719.5 1 275 705 0 275 278 1 275 537.5 0 275 583.5
1 624 401 0 624 155.8 0 624 1703 1 624 1429 0 624 809 1 624 1064 0 624 1231.8
0 899 521.5 1 899 240.8 1 899 2250.5 0 899 1928 1 899 933 0 899 1531.5 0 899 1611.3
0 316 310 0 316 65.2 0 316 943 0 316 811 0 316 383 1 316 539 1 316 709.2
0 99 231.5 1 99 217.8 0 99 311.5 0 99 209 0 99 209 1 99 183.5 1 99 352.3
1 770 555 1 770 278 0 770 2120 0 770 1543 1 770 883 0 770 1294 0 770 1451
1 515 264.5 0 515 148 0 515 1471.5 1 515 1205 0 515 576 1 515 951.5 1 515 979.5
1 15 190.5 1 15 153 0 15 146.5 0 15 153 0 15 115 1 15 151.5 0 15 155.5
1 368 271 1 368 172.6 0 368 937 0 368 829 0 368 469 1 368 681 0 368 819.6
1 192 159 1 192 162.4 1 192 497 1 192 529 1 192 247 0 192 439 1 192 518.4
0 888 566 1 888 277.6 1 888 2236 0 888 1854 0 888 1023 1 888 1367 0 888 1556.6
1 928 583 1 928 319.6 0 928 2430 1 928 2055 1 928 1032 1 928 1533 1 928 1763.6
1 364 185 1 364 229.8 1 364 1085 1 364 869 0 364 443 0 364 549 0 364 710.8
0 822 549 0 822 192.4 0 822 2138 0 822 1740 1 822 893 1 822 1321 0 822 1521.4
0 537 349.5 1 537 179.4 1 537 1387.5 1 537 1127 0 537 653 0 537 960.5 1 537 932.9
0 811 470.5 1 811 178.2 1 811 2131.5 0 811 1636 1 811 829 1 811 1311.5 1 811 1520.7
1 877 487.5 1 877 249.4 1 877 2346.5 0 877 1793 0 877 1006 1 877 1436.5 0 877 1501.9
0 510 278 0 510 300 0 510 1471 1 510 1210 1 510 699 0 510 822 0 510 936
1 692 499 1 692 330.4 1 692 1901 0 692 1465 0 692 842 0 692 1114 0 692 1312.4
1 238 244 1 238 242.6 0 238 789 0 238 491 0 238 253 0 238 538 0 238 502.6
1 288 306 1 288 194.6 0 288 778 1 288 751 0 288 413 0 288 600 1 288 580.6
0 603 359.5 0 603 185.6 1 603 1562.5 1 603 1221 0 603 717 1 603 944.5 1 603 1035.1
0 386 264 1 386 155.2 1 386 1019 1 386 945 1 386 473 0 386 681 0 386 703.2
0 765 433.5 0 765 173 1 765 2058.5 0 765 1631 0 765 774 1 765 1242.5 1 765 1486.5
0 59 116.5 1 59 151.8 0 59 225.5 0 59 122 0 59 110 0 59 118.5 1 59 169.3
0 255 188.5 0 255 191 0 255 683.5 1 255 595 1 255 360 0 255 387.5 1 255 463.5
0 23 149.5 0 23 71.6 0 23 165.5 1 23 66 1 23 216 1 23 222.5 1 23 138.1
1 221 186.5 0 221 85.2 1 221 682.5 0 221 550 1 221 304 0 221 441.5 1 221 543.7
1 34 83 0 34 167.8 1 34 150 0 34 237 1 34 128 0 34 96 1 34 103.8
1 965 645.5 1 965 271 1 965 2506.5 1 965 1975 0 965 1029 0 965 1643.5 1 965 1798.5
0 389 231.5 0 389 243.8 0 389 1049.5 1 389 801 1 389 541 0 389 686.5 0 389 701.3
1 606 485 0 606 222.2 1 606 1629 1 606 1242 0 606 800 0 606 1084 1 606 1159.2
1 147 248.5 0 147 209.4 1 147 539.5 1 147 306 1 147 176 1 147 315.5 1 147 351.9
1 855 584.5 0 855 285 0 855 2189.5 0 855 1883 1 855 882 1 855 1465.5 0 855 1502.5
1 843 496.5 0 843 241.6 0 843 2132.5 0 843 1838 0 843 863 0 843 1277.5 1 843 1536.1
1 784 471 1 784 328.8 1 784 2057 1 784 1705 0 784 900 1 784 1216 0 784 1340.8
0 975 598.5 0 975 375 1 975 2557.5 1 975 2121 1 975 1149 0 975 1573.5 0 975 1825.5
1 696 454 1 696 174.2 0 696 1886 1 696 1560 0 696 699 0 696 1071 1 696 1259.2
0 855 427.5 0 855 280 0 855 2243.5 0 855 1898 0 855 1037 0 855 1370.5 1 855 1592.5
0 898 513 1 898 349.6 1 898 2367 0 898 1953 0 898 1048 0 898 1536 1 898 1665.6
0 759 402.5 1 759 295.8 1 759 1953.5 1 759 1605 0 759 768 0 759 1155.5 1 759 1303.3
1 957 613.5 0 957 390.4 0 957 2495.5 1 957 1917 0 957 1001 1 957 1454.5 1 957 1673.9
1 126 202 1 126 124.2 0 126 321 0 126 425 1 126 160 0 126 271 0 126 321.2
0 721 478.5 0 721 176.2 1 721 1867.5 1 721 1603 0 721 843 0 721 1256.5 0 721 1347.7
1 414 249 1 414 211.8 0 414 1120 0 414 851 1 414 516 0 414 705 1 414 748.8
0 469 353.5 0 469 251.8 0 469 1223.5 0 469 1118 1 469 475 1 469 795.5 0 469 837.3
1 831 516.5 0 831 344.2 1 831 2189.5 1 831 1684 1 831 932 0 831 1347.5 0 831 1575.7
0 933 542.5 0 933 370.6 1 933 2497.5 0 933 1962 0 933 1054 1 933 1471.5 1 933 1608.1
1 686 502 1 686 259.2 0 686 1900 1 686 1546 0 686 795 1 686 1163 1 686 1259.2
1 961 624.5 1 961 204.2 1 961 2404.5 0 961 1944 1 961 1082 0 961 1558.5 0 961 1658.7
1 954 629 0 954 280.8 0 954 2389 0 954 1982 1 954 1061 1 954 1550 0 954 1730.8
1 760 571 1 760 327 1 760 2009 0 760 1545 0 760 805 0 760 1159 1 760 1333
0 748 467 0 748 230.6 0 748 2049 0 748 1502 1 748 870 0 748 1205 0 748 1319.6
0 390 277 1 390 212 0 390 1122 1 390 805 1 390 474 0 390 678 1 390 766
1 794 569 1 794 280.8 1 794 2112 1 794 1620 1 794 953 0 794 1383 0 794 1453.8
0 186 227 0 186 181.2 0 186 499 0 186 532 1 186 194 0 186 386 1 186 461.2
0 766 497 0 766 262.2 0 766 2001 0 766 1721 0 766 965 1 766 1214 0 766 1359.2
1 13 169.5 0 13 66.6 1 13 111.5 1 13 116 1 13 69 1 13 195.5 1 13 125.1
0 340 183 1 340 127 1 340 894 1 340 699 1 340 348 1 340 543 0 340 621
1 922 658 0 922 314.4 1 922 2416 1 922 1967 1 922 1003 0 922 1387 0 922 1720.4
1 394 258 1 394 240.8 1 394 1103 1 394 933 0 394 458 0 394 593 0 394 779.8
1 409 288.5 0 409 166.8 0 409 1063.5 1 409 890 0 409 524 1 409 663.5 1 409 716.3
0 833 422.5 1 833 202.6 1 833 2150.5 0 833 1859 0 833 960 0 833 1279.5 0 833 1416.1
1 836 605 1 836 198.2 0 836 2270 1 836 1745 0 836 946 0 836 1389 1 836 1617.2
1 825 581.5 1 825 358 1 825 2192.5 0 825 1765 1 825 870 1 825 1396.5 1 825 1507.5
0 703 467.5 0 703 311.6 0 703 1852.5 0 703 1547 0 703 760 0 703 1238.5 0 703 1355.1
0 189 165.5 0 189 105.8 0 189 525.5 0 189 493 1 189 329 1 189 376.5 0 189 376.3
1 112 221 1 112 68.4 0 112 383 0 112 379 1 112 196 0 112 286 1 112 375.4
1 520 299 0 520 177 1 520 1316 1 520 1182 0 520 706 1 520 799 0 520 1010
1 164 250 0 164 178.8 0 164 595 1 164 424 0 164 185 1 164 337 1 164 477.8
1 555 350.5 0 555 171 0 555 1552.5 1 555 1169 0 555 566 0 555 894.5 1 555 1067.5
0 158 122 1 158 54.6 1 158 429 0 158 472 1 158 286 1 158 398 1 158 354.6
0 470 299 1 470 291 0 470 1199 1 470 1036 1 470 529 0 470 742 0 470 804
0 830 609 0 830 231 0 830 2155 1 830 1775 0 830 902 0 830 1336 1 830 1603
0 685 443.5 1 685 165 0 685 1715.5 1 685 1465 0 685 877 0 685 1170.5 1 685 1238.5
0 321 223.5 1 321 204.2 0 321 992.5 1 321 830 0 321 381 1 321 481.5 0 321 633.7
0 921 651.5 1 921 375.2 1 921 2482.5 0 921 2011 1 921 931 0 921 1496.5 0 921 1595.7
0 163 160.5 1 163 223.6 0 163 484.5 0 163 418 0 163 291 0 163 375.5 1 163 320.1
1 568 350 1 568 278.6 0 568 1526 0 568 1154 0 568 573 1 568 902 0 568 998.6
1 630 412 1 630 282 0 630 1612 1 630 1433 0 630 760 0 630 1130 1 630 1171
0 674 494 1 674 248.8 0 674 1820 1 674 1462 0 674 746 0 674 1206 1 674 1207.8
1 809 558.5 1 809 197.8 1 809 2179.5 0 809 1752 0 809 872 0 809 1280.5 1 809 1418.3
0 300 196 1 300 153 0 300 785 0 300 678 1 300 345 1 300 575 0 300 650
0 929 482.5 0 929 331.8 1 929 2405.5 1 929 2051 1 929 949 0 929 1479.5 0 929 1771.3
1 966 582 0 966 356.2 1 966 2467 1 966 2030 0 966 981 0 966 1476 1 966 1701.2
0 883 497.5 1 883 274.6 0 883 2320.5 1 883 1950 1 883 915 1 883 1327.5 1 883 1609.1
1 35 122.5 0 35 86 0 35 253.5 0 35 133 1 35 232 0 35 198.5 1 35 59.5
0 318 180 1 318 63.6 0 318 899 0 318 760 0 318 495 1 318 566 1 318 730.6
0 724 387 0 724 251.8 1 724 1839 0 724 1556 0 724 918 1 724 1228 0 724 1234.8
1 781 475.5 0 781 285.2 1 781 2065.5 0 781 1568 0 781 917 1 781 1228.5 1 781 1400.7
1 386 335 0 386 80.2 1 386 1133 1 386 917 1 386 473 1 386 631 0 386 745.2
1 397 288.5 0 397 225.4 0 397 1083.5 1 397 971 1 397 428 0 397 770.5 0 397 859.9
0 688 377 0 688 165.6 1 688 1918 0 688 1523 0 688 702 0 688 1223 0 688 1225.6
1 107 135.5 0 107 125.4 1 107 441.5 1 107 351 1 107 152 0 107 201.5 0 107 228.9
1 239 130.5 1 239 121.8 1 239 762.5 0 239 604 0 239 435 1 239 399.5 1 239 556.3
0 489 389.5 1 489 114.8 1 489 1316.5 1 489 1125 1 489 673 0 489 743.5 1 489 964.3
1 185 233.5 0 185 213 1 185 590.5 0 185 539 0 185 338 1 185 282.5 1 185 349.5
0 101 170.5 0 101 177.2 1 101 439.5 1 101 231 0 101 112 0 101 251.5 0 101 339.7
0 64 145 0 64 208.8 1 64 228 1 64 296 0 64 114 0 64 287 0 64 238.8
0 144 96 0 144 44.8 1 144 472 1 144 294 0 144 183 0 144 374 1 144 304.8
0 600 314 1 600 145 1 600 1685 1 600 1286 0 600 665 1 600 1059 0 600 1132
0 819 511.5 1 819 277.8 0 819 2168.5 1 819 1817 1 819 949 0 819 1310.5 0 819 1392.3
1 606 410 1 606 248.2 1 606 1578 0 606 1215 0 606 660 0 606 924 0 606 1228.2
1 498 259 1 498 255.6 0 498 1253 0 498 1057 1 498 571 0 498 895 1 498 1021.6
1 11 183.5 1 11 185.2 0 11 29.5 0 11 128 1 11 151 0 11 49.5 0 11 89.7
0 702 375 0 702 337.4 0 702 1856 1 702 1463 1 702 769 0 702 1233 0 702 1234.4
0 798 575 1 798 254.6 0 798 2103 1 798 1664 1 798 866 1 798 1276 0 798 1519.6
0 580 469 1 580 306 0 580 1563 0 580 1176 0 580 667 0 580 1000 0 580 1116
1 792 574 1 792 268.4 0 792 2150 0 792 1674 1 792 877 1 792 1261 0 792 1514.4
1 150 271 0 150 116 1 150 469 1 150 464 1 150 241 0 150 411 1 150 434
1 14 169 1 14 5.8 0 14 192 0 14 185 1 14 73 1 14 104 1 14 56.8
0 773 499.5 1 773 353.6 0 773 2053.5 1 773 1562 0 773 780 0 773 1182.5 0 773 1366.1
1 900 519 0 900 203 1 900 2388 0 900 1822 1 900 1001 1 900 1400 0 900 1691
0 852 451 0 852 182.4 0 852 2301 0 852 1887 1 852 912 1 852 1282 0 852 1561.4
0 634 327 1 634 325.8 0 634 1595 1 634 1460 0 634 779 1 634 1103 1 634 1255.8
0 130 256 0 130 198 0 130 472 1 130 400 0 130 301 0 130 324 1 130 292
0 282 328 1 282 191.4 1 282 861 1 282 646 0 282 420 0 282 520 1 282 484.4
0 203 136.5 1 203 228.6 1 203 583.5 0 203 582 1 203 281 1 203 501.5 1 203 439.1
1 522 333 0 522 267.4 0 522 1454 1 522 1084 0 522 694 0 522 865 0 522 1037.4
0 176 199 0 176 178.2 0 176 564 1 176 532 0 176 225 0 176 427 1 176 374.2
0 332 239 1 332 177.4 1 332 1026 1 332 836 1 332 342 0 332 659 1 332 593.4
0 12 175 1 12 149.4 1 12 174 1 12 217 0 12 58 1 12 72 1 12 107.4
1 674 430 0 674 300.8 0 674 1729 0 674 1505 0 674 715 0 674 1037 1 674 1338.8
1 656 512 0 656 283.2 0 656 1775 1 656 1316 1 656 743 1 656 1113 1 656 1314.2
1 426 280 1 426 145.2 0 426 1101 1 426 969 0 426 512 1 426 797 1 426 900.2
0 132 177 1 132 182.4 1 132 525 0 132 342 1 132 331 1 132 274 0 132 305.4
1 951 554.5 0 951 214.2 1 951 2497.5 1 951 1917 1 951 1012 1 951 1526.5 1 951 1676.7
0 175 227.5 0 175 176 1 175 528.5 1 175 350 1 175 207 1 175 454.5 0 175 415.5
1 585 332.5 0 585 125 0 585 1530.5 0 585 1279 0 585 737 1 585 941.5 1 585 1038.5
1 892 470 0 892 264.4 0 892 2325 0 892 1892 0 892 1074 0 892 1536 1 892 1635.4
0 784 588 0 784 253.8 1 784 1982 1 784 1615 1 784 795 1 784 1185 1 784 1375.8
1 908 623 0 908 290.6 1 908 2418 1 908 1933 0 908 1025 1 908 1557 0 908 1658.6
0 484 334 1 484 190.8 1 484 1245 1 484 1062 0 484 515 1 484 790 1 484 994.8
1 599 344.5 0 599 265.8 1 599 1553.5 0 599 1268 0 599 604 1 599 934.5 1 599 1154.3
1 941 490.5 0 941 226.2 1 941 2458.5 1 941 1952 1 941 978 1 941 1477.5 1 941 1735.7
1 101 91.5 0 101 184.2 0 101 278.5 0 101 298 0 101 111 0 101 232.5 1 101 351.7
0 241 276.5 0 241 232.2 0 241 613.5 0 241 589 1 241 258 0 241 462.5 0 241 436.7
0 359 310.5 0 359 114.8 1 359 929.5 0 359 850 1 359 524 0 359 691.5 1 359 615.3
0 17 41.5 0 17 132.4 1 17 44.5 1 17 87 1 17 55 0 17 61.5 0 17 33.9
1 581 296.5 0 581 285.2 0 581 1570.5 0 581 1226 1 581 582 0 581 1018.5 1 581 1143.7
1 162 189 1 162 69.4 0 162 512 1 162 502 0 162 253 1 162 324 1 162 332.4
1 607 432.5 0 607 269.4 1 607 1615.5 0 607 1371 0 607 630 0 607 913.5 0 607 1179.9
0 252 217 0 252 74.4 0 252 752 0 252 660 0 252 420 0 252 435 0 252 487.4
1 280 291 1 280 111 1 280 868 0 280 718 1 280 294 0 280 449 1 280 546
1 402 380 1 402 215.4 1 402 1191 0 402 806 1 402 463 1 402 607 0 402 737.4
0 640 321 0 640 196 1 640 1779 0 640 1434 1 640 738 1 640 1053 1 640 1172
1 549 330.5 0 549 178.8 0 549 1388.5 1 549 1262 1 549 554 0 549 965.5 1 549 1035.3
0 176 281 1 176 125.2 0 176 552 1 176 372 0 176 178 1 176 362 0 176 426.2
1 97 156.5 0 97 210.4 0 97 360.5 0 97 198 1 97 271 1 97 286.5 1 97 259.9
1 860 557 0 860 180 0 860 2212 1 860 1826 0 860 1004 1 860 1385 1 860 1535
0 151 194.5 1 151 162.2 0 151 490.5 1 151 346 1 151 332 0 151 285.5 0 151 383.7
0 57 147.5 0 57 185.4 1 57 181.5 1 57 296 1 57 123 1 57 163.5 1 57 130.9
1 962 516 0 962 203.4 0 962 2481 1 962 2009 0 962 1126 1 962 1540 0 962 1725.4
1 182 229 1 182 58.4 1 182 562 0 182 471 1 182 332 0 182 285 0 182 408.4
1 252 258 0 252 115.4 0 252 633 1 252 621 1 252 273 1 252 571 0 252 601.4
0 152 270 0 152 49.4 0 152 553 1 152 393 1 152 292 1 152 292 0 152 402.4
1 865 472.5 1 865 367 1 865 2327.5 1 865 1747 0 865 950 1 865 1343.5 0 865 1482.5
0 43 113.5 0 43 146.6 0 43 127.5 0 43 250 0 43 229 0 43 228.5 0 43 191.1
0 751 416.5 1 751 299.2 1 751 1899.5 0 751 1533 1 751 834 1 751 1170.5 1 751 1445.7
0 619 462.5 0 619 126.8 0 619 1682.5 0 619 1422 1 619 675 0 619 1089.5 1 619 1162.3
1 829 563.5 1 829 292.8 0 829 2172.5 0 829 1730 1 829 855 0 829 1296.5 1 829 1427.3
1 677 369.5 0 677 271.4 0 677 1806.5 1 677 1461 1 677 723 0 677 1107.5 0 677 1224.9
0 248 161 1 248 154.6 1 248 749 0 248 559 1 248 361 1 248 436 0 248 428.6
1 874 565 0 874 185.8 0 874 2200 0 874 1852 1 874 984 1 874 1510 1 874 1613.8
1 99 58.5 0 99 170.8 0 99 251.5 0 99 353 0 99 105 0 99 245.5 0 99 195.3
0 943 584.5 0 943 210.6 0 943 2357.5 0 943 2037 1 943 982 0 943 1528.5 0 943 1745.1
0 138 83 0 138 195.6 1 138 351 1 138 325 1 138 297 1 138 381 0 138 330.6
1 107 242.5 0 107 115.4 0 107 290.5 0 107 393 0 107 298 0 107 352.5 1 107 320.9
1 21 119.5 1 21 40.2 0 21 87.5 0 21 53 1 21 97 1 21 154.5 0 21 101.7
0 94 241 1 94 62.8 0 94 313 0 94 364 0 94 208 1 94 290 0 94 200.8
1 972 497 1 972 375.4 1 972 2499 1 972 1978 0 972 998 0 972 1504 0 972 1728.4
1 517 457.5 1 517 107.4 1 517 1486.5 1 517 1216 1 517 682 0 517 870.5 0 517 1020.9
1 810 578 0 810 196 0 810 2123 0 810 1787 1 810 845 0 810 1369 1 810 1399
1 948 561 1 948 379.6 1 948 2454 0 948 2040 1 948 1119 1 948 1554 0 948 1705.6
1 967 545.5 1 967 361.4 1 967 2498.5 1 967 2070 0 967 1077 1 967 1495.5 0 967 1793.9
1 808 475 0 808 338.6 0 808 2219 1 808 1685 0 808 834 0 808 1290 1 808 1382.6
1 976 661 0 976 212.2 1 976 2529 0 976 2101 1 976 1075 0 976 1519 1 976 1804.2
1 37 124.5 1 37 205.4 1 37 235.5 0 37 99 0 37 160 1 37 165.5 1 37 210.9
1 382 363 1 382 200.4 1 382 992 0 382 845 1 382 432 0 382 705 1 382 838.4
0 489 279.5 0 489 202.8 0 489 1351.5 0 489 1073 1 489 604 0 489 736.5 1 489 946.3
0 880 445 1 880 294 0 880 2359 1 880 1823 0 880 1036 0 880 1458 1 880 1652
1 361 260.5 0 361 250.2 1 361 987.5 0 361 864 0 361 449 1 361 624.5 1 361 721.7
1 108 89 0 108 135.6 0 108 387 0 108 271 0 108 275 0 108 173 1 108 377.6
0 141 84.5 0 141 173.2 1 141 364.5 1 141 309 0 141 233 1 141 324.5 1 141 344.7
1 304 239 1 304 206.8 0 304 912 0 304 622 0 304 366 1 304 561 0 304 556.8
1 487 329.5 0 487 114.4 1 487 1323.5 1 487 1118 1 487 628 1 487 741.5 1 487 972.9
0 989 611.5 0 989 335.8 0 989 2594.5 1 989 2139 0 989 1090 0 989 1625.5 1 989 1880.3
0 956 592 1 956 346.2 0 956 2583 0 956 2019 1 956 1025 1 956 1461 1 956 1685.2
0 50 110 1 50 170 1 50 311 0 50 132 1 50 69 1 50 265 1 50 279
1 964 542 1 964 255.8 0 964 2465 0 964 1950 0 964 1104 0 964 1510 1 964 1798.8
1 615 433.5 1 615 237 0 615 1657.5 1 615 1423 1 615 733 0 615 1020.5 1 615 1242.5
0 847 513.5 1 847 306.4 0 847 2141.5 1 847 1772 0 847 956 1 847 1431.5 0 847 1544.9
0 511 433.5 1 511 122.2 1 511 1406.5 0 511 1105 0 511 520 0 511 812.5 0 511 929.7
0 841 617.5 1 841 219.2 0 841 2248.5 1 841 1853 1 841 860 0 841 1394.5 1 841 1438.7
0 400 325 0 400 266 1 400 1034 0 400 839 0 400 426 0 400 754 1 400 726
1 818 542 0 818 343.6 0 818 2114 1 818 1769 0 818 900 0 818 1411 0 818 1487.6
1 535 423.5 0 535 136 1 535 1475.5 0 535 1082 0 535 717 0 535 855.5 1 535 1043.5
0 540 413 1 540 198 1 540 1529 1 540 1178 0 540 700 1 540 879 1 540 999
0 71 108.5 0 71 196.2 1 71 331.5 1 71 237 0 71 110 0 71 229.5 0 71 209.7
1 81 170.5 0 81 125.2 1 81 382.5 1 81 177 1 81 120 1 81 223.5 1 81 213.7
0 3 62.5 1 3 148.6 1 3 143.5 1 3 36 1 3 10 0 3 10.5 0 3 165.1
0 239 263.5 0 239 156.8 0 239 751.5 1 239 664 1 239 397 1 239 461.5 0 239 406.3
1 939 566.5 1 939 199.8 1 939 2502.5 1 939 1898 0 939 1134 1 939 1566.5 0 939 1613.3
0 922 519 1 922 276.4 0 922 2438 1 922 1983 0 922 940 0 922 1535 1 922 1594.4
1 577 317.5 1 577 136.4 1 577 1523.5 1 577 1191 0 577 619 1 577 1060.5 0 577 1067.9
1 430 225 1 430 99 1 430 1087 1 430 898 0 430 553 1 430 783 0 430 807
0 928 619 0 928 254.6 1 928 2357 0 928 1960 1 928 1099 0 928 1471 1 928 1579.6
1 182 260 1 182 109.4 0 182 588 1 182 527 1 182 273 0 182 280 1 182 413.4
0 838 534 0 838 238.6 0 838 2190 0 838 1693 0 838 865 0 838 1320 0 838 1615.6
0 443 247.5 0 443 224.6 0 443 1278.5 1 443 1052 1 443 529 1 443 694.5 0 443 842.1
0 831 444.5 0 831 231.2 1 831 2175.5 1 831 1765 1 831 991 0 831 1367.5 0 831 1437.7
1 393 350.5 0 393 240.6 0 393 1029.5 0 393 797 1 393 547 1 393 599.5 0 393 775.1
1 928 529 1 928 195.6 1 928 2478 0 928 1993 1 928 1066 0 928 1573 0 928 1591.6
1 854 564 0 854 201.8 0 854 2151 1 854 1853 1 854 1012 0 854 1296 1 854 1495.8
1 118 241 0 118 52.6 0 118 463 1 118 409 0 118 154 1 118 309 1 118 259.6
0 562 393 1 562 135.4 1 562 1535 0 562 1139 1 562 696 1 562 934 1 562 1149.4
1 342 214 1 342 239.4 0 342 957 0 342 812 0 342 500 0 342 537 0 342 722.4
1 955 478.5 1 955 369 1 955 2485.5 1 955 2067 1 955 1052 0 955 1595.5 0 955 1745.5
1 182 210 0 182 223.4 0 182 581 1 182 434 0 182 208 1 182 393 1 182 392.4
1 788 422 0 788 331.6 0 788 2165 1 788 1604 0 788 844 0 788 1244 1 788 1491.6
0 363 192.5 1 363 230.6 0 363 924.5 1 363 846 0 363 408 0 363 628.5 1 363 713.1
0 462 348 0 462 227.4 0 462 1160 1 462 1036 1 462 498 1 462 705 1 462 833.4
0 663 387.5 1 663 170.6 1 663 1814.5 1 663 1337 1 663 767 0 663 1183.5 0 663 1241.1
1 597 395.5 0 597 150.4 0 597 1600.5 1 597 1229 0 597 698 0 597 1030.5 0 597 1080.9
1 746 445 1 746 343.2 1 746 1951 1 746 1541 0 746 776 1 746 1214 1 746 1456.2
1 725 405.5 0 725 186 1 725 2007.5 1 725 1483 1 725 876 1 725 1229.5 0 725 1393.5
0 760 415 1 760 344 0 760 1976 0 760 1719 1 760 814 1 760 1140 0 760 1338
0 285 325.5 1 285 88 1 285 814.5 0 285 638 1 285 473 1 285 464.5 1 285 585.5
1 822 467 0 822 321.4 0 822 2058 1 822 1759 0 822 950 0 822 1310 0 822 1526.4
0 619 506.5 1 619 150.8 0 619 1560.5 0 619 1370 0 619 682 1 619 1056.5 1 619 1165.3
1 503 341.5 1 503 286.6 1 503 1407.5 1 503 1095 1 503 653 0 503 809.5 1 503 1015.1
1 443 263.5 1 443 193.6 0 443 1108.5 1 443 964 0 443 628 0 443 774.5 0 443 886.1
1 546 282 1 546 288.2 1 546 1446 1 546 1213 1 546 554 1 546 1015 0 546 950.2
0 601 377.5 1 601 244.2 0 601 1532.5 0 601 1286 0 601 609 1 601 1066.5 0 601 1208.7
0 235 247.5 1 235 98 1 235 765.5 0 235 607 1 235 338 1 235 436.5 1 235 435.5
0 255 300.5 1 255 105 0 255 718.5 1 255 592 1 255 405 0 255 382.5 1 255 548.5
0 791 402.5 0 791 289.2 1 791 2063.5 1 791 1726 0 791 907 1 791 1252.5 0 791 1425.7
0 47 72.5 0 47 13.4 0 47 124.5 1 47 265 0 47 223 0 47 260.5 1 47 95.9
1 159 159.5 0 159 32.8 0 159 436.5 0 159 424 1 159 180 0 159 427.5 0 159 416.3
0 540 430 1 540 271 1 540 1501 1 540 1121 1 540 573 0 540 912 1 540 980
0 170 127 1 170 116 0 170 574 1 170 439 1 170 343 1 170 416 1 170 306
1 685 515.5 0 685 167 0 685 1843.5 1 685 1411 0 685 715 1 685 1086.5 1 685 1255.5
0 155 127.5 1 155 53 1 155 581.5 1 155 365 1 155 267 1 155 264.5 0 155 314.5
1 497 430.5 0 497 209.4 0 497 1402.5 0 497 1180 1 497 565 0 497 907.5 0 497 1005.9
1 897 613.5 1 897 330.4 1 897 2395.5 1 897 1900 1 897 998 0 897 1428.5 0 897 1670.9
1 810 541 1 810 351 0 810 2058 1 810 1720 1 810 950 0 810 1247 0 810 1451
0 138 150 1 138 37.6 1 138 459 1 138 335 0 138 297 0 138 319 0 138 265.6
0 960 586 0 960 212 0 960 2584 1 960 2113 1 960 1006 0 960 1545 0 960 1673
0 961 672.5 0 961 265.2 1 961 2592.5 0 961 2028 0 961 1114 0 961 1505.5 0 961 1648.7
1 966 500 0 966 283.2 1 966 2444 0 966 1968 1 966 1081 1 966 1646 0 966 1721.2
0 486 394 0 486 101.2 1 486 1251 0 486 1014 0 486 611 0 486 909 0 486 984.2
0 906 589 1 906 271.2 0 906 2348 1 906 1880 0 906 1085 0 906 1496 0 906 1601.2
0 578 358 1 578 166.6 0 578 1558 1 578 1245 1 578 591 0 578 962 0 578 1117.6
0 203 106.5 1 203 64.6 0 203 518.5 1 203 561 0 203 267 1 203 414.5 0 203 431.1
0 309 179.5 0 309 138.8 1 309 793.5 1 309 724 0 309 485 0 309 528.5 0 309 601.3
0 956 653 0 956 354.2 1 956 2420 1 956 1974 0 956 1106 0 956 1548 1 956 1744.2
0 279 286.5 0 279 104.8 0 279 840.5 0 279 630 0 279 406 1 279 600.5 0 279 491.3
1 981 516.5 1 981 367.2 1 981 2519.5 1 981 1975 0 981 1128 0 981 1569.5 1 981 1707.7
1 28 212 1 28 54.6 0 28 109 0 28 65 0 28 141 0 28 102 0 28 197.6
0 652 397 1 652 148.4 1 652 1740 0 652 1351 0 652 787 0 652 1068 0 652 1228.4
0 949 608.5 0 949 229.8 1 949 2489.5 0 949 1950 0 949 1006 0 949 1528.5 0 949 1652.3
0 778 414 0 778 334.6 1 778 2133 0 778 1730 0 778 812 1 778 1262 0 778 1328.6
1 634 358 1 634 304.8 0 634 1591 0 634 1388 0 634 774 1 634 1109 0 634 1157.8
1 886 585 1 886 269.2 0 886 2356 0 886 1833 0 886 886 1 886 1427 0 886 1644.2
1 767 439.5 0 767 290.4 0 767 1981.5 1 767 1632 0 767 882 1 767 1241.5 0 767 1322.9
0 821 417.5 0 821 283.2 0 821 2075.5 1 821 1700 0 821 911 1 821 1236.5 1 821 1528.7
1 431 223.5 1 431 118.2 0 431 1242.5 1 431 884 0 431 554 1 431 832.5 1 431 737.7
1 833 604.5 1 833 288.6 1 833 2206.5 0 833 1811 1 833 987 1 833 1310.5 1 833 1579.1
0 705 541.5 1 705 226 1 705 1933.5 1 705 1419 1 705 721 1 705 1176.5 0 705 1262.5
1 705 517.5 1 705 202 0 705 1948.5 0 705 1520 1 705 770 1 705 1066.5 1 705 1337.5
1 817 539.5 0 817 236.4 1 817 2153.5 1 817 1697 0 817 844 1 817 1376.5 0 817 1579.9
0 215 279.5 1 215 177 0 215 700.5 0 215 594 0 215 320 0 215 468.5 1 215 476.5
0 545 467.5 1 545 261 0 545 1382.5 0 545 1207 1 545 657 0 545 828.5 1 545 1060.5
0 568 419 1 568 217.6 0 568 1600 0 568 1176 1 568 574 1 568 969 0 568 1064.6
1 928 509 1 928 309.6 0 928 2332 1 928 1925 0 928 960 0 928 1527 0 928 1721.6
1 193 282.5 1 193 76.6 0 193 632.5 0 193 493 0 193 292 1 193 430.5 1 193 357.1
0 75 168.5 0 75 73 1 75 248.5 1 75 305 1 75 196 0 75 301.5 1 75 133.5
1 745 453.5 1 745 159 0 745 1918.5 0 745 1633 1 745 771 0 745 1218.5 1 745 1409.5
0 493 364.5 1 493 133.6 0 493 1330.5 1 493 994 0 493 562 0 493 765.5 1 493 838.1
1 507 298.5 1 507 268.4 0 507 1384.5 0 507 1096 1 507 545 0 507 903.5 0 507 979.9
0 198 186 1 198 162.6 0 198 568 0 198 589 0 198 209 0 198 384 0 198 399.6
1 193 106.5 1 193 230.6 0 193 519.5 0 193 550 1 193 320 0 193 334.5 0 193 338.1
1 164 87 1 164 204.8 0 164 570 1 164 388 1 164 353 0 164 391 0 164 412.8
0 835 430.5 1 835 219 0 835 2185.5 1 835 1785 1 835 899 0 835 1306.5 0 835 1542.5
0 429 294.5 0 429 152.8 1 429 1136.5 0 429 884 0 429 441 1 429 803.5 1 429 810.3
1 408 276 1 408 260.6 0 408 1146 1 408 911 0 408 475 0 408 806 0 408 734.6
1 607 465.5 1 607 300.4 0 607 1631.5 0 607 1220 1 607 730 1 607 926.5 1 607 1155.9
1 229 200.5 0 229 87.8 0 229 655.5 1 229 497 1 229 309 1 229 417.5 1 229 410.3
0 984 650 1 984 219.8 1 984 2540 0 984 2046 0 984 1030 1 984 1594 1 984 1731.8
0 77 152.5 1 77 69.4 1 77 265.5 0 77 181 0 77 209 0 77 273.5 1 77 226.9
0 754 529 1 754 223.8 1 754 2079 0 754 1675 0 754 764 1 754 1255 1 754 1365.8
1 800 582 1 800 350 0 800 2166 1 800 1646 1 800 842 0 800 1213 1 800 1541
1 155 83.5 0 155 42 1 155 498.5 0 155 390 1 155 198 0 155 234.5 1 155 337.5
1 344 248 0 344 129.8 1 344 862 0 344 783 1 344 345 1 344 597 1 344 766.8
1 577 478.5 0 577 314.4 0 577 1447.5 1 577 1246 1 577 623 0 577 973.5 1 577 1138.9
0 767 442.5 1 767 279.4 1 767 1945.5 1 767 1562 1 767 787 0 767 1186.5 1 767 1482.9
0 725 394.5 0 725 273 1 725 1942.5 1 725 1454 0 725 785 1 725 1224.5 0 725 1261.5
0 642 362 1 642 196.4 1 642 1650 1 642 1365 1 642 728 1 642 992 0 642 1257.4
1 388 308 0 388 184.6 0 388 1108 1 388 906 0 388 517 0 388 758 1 388 701.6
1 115 144.5 1 115 189 1 115 409.5 1 115 253 0 115 155 0 115 203.5 0 115 365.5
1 937 599.5 1 937 363.4 1 937 2370.5 0 937 2002 1 937 963 0 937 1594.5 0 937 1673.9
1 698 378 1 698 170.6 0 698 1873 1 698 1516 0 698 749 0 698 1238 1 698 1278.6
0 752 496 1 752 221.4 0 752 1884 0 752 1586 1 752 758 1 752 1255 1 752 1406.4
0 334 288 0 334 81.8 0 334 845 1 334 826 1 334 412 0 334 524 1 334 605.8
0 245 189.5 0 245 71 0 245 672.5 1 245 627 0 245 324 0 245 449.5 1 245 474.5
0 92 156 0 92 138.4 1 92 233 1 92 217 0 92 114 0 92 298 0 92 297.4
1 380 192 0 380 184 0 380 990 1 380 835 0 380 446 1 380 731 0 380 697
1 244 305 0 244 50.8 0 244 642 0 244 619 0 244 329 1 244 422 0 244 522.8
1 426 401 1 426 174.2 1 426 1092 0 426 923 0 426 613 1 426 645 1 426 754.2
1 981 646.5 0 981 298.2 0 981 2615.5 1 981 2141 0 981 1161 1 981 1547.5 1 981 1849.7
0 462 232 0 462 240.4 1 462 1334 0 462 971 1 462 599 1 462 766 1 462 811.4
0 412 265 0 412 240.4 1 412 1176 1 412 1007 1 412 582 1 412 645 0 412 745.4
0 106 186 0 106 181.2 1 106 461 0 106 251 1 106 114 1 106 232 1 106 305.2
1 949 588.5 0 949 214.8 0 949 2479.5 0 949 2037 1 949 1054 1 949 1446.5 1 949 1778.3
1 654 343 1 654 166.8 1 654 1649 0 654 1382 0 654 767 0 654 985 1 654 1269.8
1 959 553.5 1 959 196.8 1 959 2405.5 0 959 2109 1 959 980 1 959 1578.5 0 959 1664.3
1 674 441 0 674 151.8 1 674 1852 1 674 1401 1 674 790 1 674 1042 1 674 1147.8
0 86 95 0 86 168.2 1 86 335 1 86 189 0 86 112 0 86 293 1 86 276.2
1 786 490 0 786 331.2 1 786 1992 1 786 1689 1 786 979 1 786 1374 0 786 1381.2
0 27 173.5 0 27 53.4 0 27 265.5 0 27 121 1 27 90 0 27 78.5 1 27 146.9
0 735 454.5 0 735 190 0 735 1848.5 1 735 1622 0 735 745 1 735 1274.5 0 735 1267.5
0 969 514.5 1 969 224.8 0 969 2567.5 0 969 1967 1 969 1100 1 969 1489.5 0 969 1694.3
1 87 78.5 0 87 20.4 0 87 242.5 0 87 323 0 87 141 1 87 214.5 0 87 177.9
1 376 259 0 376 105.2 1 376 1117 1 376 822 0 376 514 1 376 616 0 376 707.2
1 466 280 1 466 142.2 1 466 1183 0 466 1071 0 466 647 1 466 732 1 466 990.2
1 286 227 0 286 89.2 0 286 716 1 286 627 1 286 461 1 286 472 0 286 570.2
0 800 543 0 800 344 1 800 2029 0 800 1663 0 800 993 1 800 1254 0 800 1522
0 470 290 0 470 96 0 470 1208 1 470 972 0 470 543 0 470 804 0 470 803
1 741 551.5 0 741 287.2 1 741 1956.5 1 741 1629 1 741 799 1 741 1123.5 0 741 1320.7
1 96 241 0 96 163.2 1 96 261 0 96 384 0 96 239 0 96 215 1 96 361.2
1 110 211 1 110 56 1 110 303 1 110 345 0 110 152 0 110 320 0 110 375
0 345 178.5 0 345 215 0 345 1057.5 1 345 784 1 345 375 0 345 597.5 0 345 642.5
1 923 492.5 0 923 253.6 0 923 2385.5 1 923 1874 1 923 952 0 923 1440.5 0 923 1613.1
0 465 262.5 1 465 166 1 465 1332.5 0 465 1012 0 465 629 0 465 803.5 1 465 933.5
1 772 492 1 772 313.4 0 772 2081 1 772 1582 0 772 792 1 772 1178 0 772 1414.4
1 148 162 1 148 177.6 0 148 545 0 148 454 0 148 334 0 148 300 1 148 430.6
1 447 308.5 0 447 279.4 1 447 1153.5 1 447 976 1 447 499 1 447 859.5 0 447 888.9
0 337 289.5 0 337 100.4 1 337 994.5 0 337 710 1 337 358 1 337 657.5 1 337 579.9
1 294 205 0 294 195.8 1 294 802 1 294 735 0 294 357 0 294 519 1 294 544.8
0 478 351 0 478 230.6 1 478 1285 0 478 1152 0 478 566 0 478 787 0 478 857.6
0 381 205.5 1 381 94.2 1 381 955.5 1 381 886 1 381 446 0 381 622.5 0 381 770.7
0 444 236 0 444 192.8 1 444 1296 0 444 987 1 444 460 0 444 741 0 444 922.8
1 307 309.5 0 307 156.4 0 307 879.5 0 307 673 0 307 350 0 307 631.5 0 307 667.9
0 901 475.5 0 901 227.2 0 901 2403.5 0 901 1872 0 901 954 0 901 1408.5 1 901 1651.7
0 273 270.5 1 273 81.6 0 273 880.5 1 273 638 1 273 274 0 273 584.5 0 273 660.1
0 959 653.5 0 959 224.8 0 959 2580.5 1 959 2090 0 959 1000 1 959 1441.5 0 959 1686.3
0 460 362 0 460 154 1 460 1342 0 460 1090 1 460 560 1 460 825 0 460 839
1 954 546 0 954 278.8 0 954 2415 0 954 2100 0 954 992 0 954 1559 1 954 1721.8
1 680 407 1 680 164 1 680 1884 0 680 1393 1 680 820 0 680 1118 0 680 1191
1 67 91.5 1 67 155.4 0 67 185.5 1 67 332 1 67 80 1 67 288.5 0 67 298.9
0 988 693 0 988 222.6 1 988 2606 1 988 2056 1 988 1009 0 988 1624 1 988 1682.6
1 585 483.5 1 585 213 0 585 1600.5 0 585 1316 0 585 590 1 585 921.5 0 585 1059.5
1 675 395.5 1 675 190 1 675 1733.5 0 675 1546 1 675 742 0 675 1058.5 1 675 1230.5
1 947 657.5 0 947 242.4 1 947 2527.5 1 947 1957 1 947 1049 1 947 1533.5 0 947 1664.9
1 580 453 1 580 287 1 580 1500 0 580 1264 0 580 742 0 580 949 0 580 1019
0 667 528.5 1 667 312.4 1 667 1814.5 1 667 1472 0 667 734 0 667 1192.5 1 667 1300.9
1 501 335.5 0 501 160.2 1 501 1338.5 0 501 1158 0 501 618 1 501 783.5 1 501 922.7
1 653 519.5 0 653 275.6 1 653 1726.5 1 653 1448 1 653 765 1 653 1132.5 1 653 1202.1
0 494 375 0 494 220.8 0 494 1382 1 494 1094 1 494 683 0 494 907 0 494 995.8
1 754 471 1 754 261.8 0 754 1908 0 754 1533 0 754 845 0 754 1324 0 754 1324.8
0 843 551.5 0 843 228.6 0 843 2125.5 1 843 1689 1 843 958 0 843 1376.5 1 843 1448.1
0 596 328 0 596 134.2 1 596 1542 0 596 1348 0 596 775 0 596 895 1 596 1127.2
1 419 226.5 1 419 127.8 0 419 1089.5 0 419 1026 1 419 459 1 419 793.5 1 419 875.3
1 534 421 1 534 108.8 0 534 1378 0 534 1178 1 534 648 0 534 955 0 534 948.8
0 376 352 0 376 92.2 1 376 970 0 376 921 1 376 459 1 376 728 0 376 780.2
0 634 509 0 634 264.8 1 634 1720 1 634 1310 1 634 643 1 634 1108 0 634 1145.8
1 600 409 1 600 149 1 600 1549 0 600 1241 1 600 603 0 600 1014 0 600 1065
0 91 142.5 1 91 92.2 1 91 252.5 1 91 356 0 91 201 0 91 174.5 0 91 350.7
1 304 265 1 304 68.8 1 304 951 1 304 684 1 304 414 1 304 509 0 304 553.8
1 3 10.5 0 3 45.6 0 3 109.5 1 3 12 1 3 105 0 3 80.5 0 3 93.1
0 483 258.5 0 483 158.6 1 483 1278.5 1 483 1065 0 483 555 1 483 880.5 1 483 853.1
1 586 387 0 586 247.2 1 586 1468 1 586 1213 0 586 721 0 586 935 0 586 1173.2
0 399 205.5 0 399 246.8 0 399 1143.5 1 399 946 1 399 417 1 399 701.5 1 399 687.3
0 508 360 0 508 251.6 1 508 1370 0 508 1205 1 508 696 0 508 949 0 508 893.6
1 749 426.5 0 749 297.8 1 749 1970.5 0 749 1629 1 749 790 1 749 1315.5 1 749 1466.3
1 671 520.5 1 671 134.2 0 671 1812.5 1 671 1405 0 671 810 0 671 1174.5 1 671 1319.7
1 954 507 0 954 324.8 0 954 2500 0 954 2057 0 954 1087 1 954 1600 0 954 1813.8
0 534 408 1 534 213.8 1 534 1479 0 534 1218 0 534 647 1 534 988 1 534 1088.8
0 363 277.5 0 363 234.6 1 363 1070.5 1 363 878 0 363 393 0 363 694.5 1 363 781.1
0 82 237 1 82 176.4 1 82 313 0 82 241 1 82 136 0 82 132 1 82 228.4
1 512 391 0 512 290.4 0 512 1341 0 512 1029 1 512 695 0 512 930 0 512 1051.4
1 819 584.5 1 819 333.8 0 819 2219.5 0 819 1756 0 819 1012 1 819 1407.5 1 819 1400.3
0 194 217 0 194 67.8 0 194 590 1 194 476 1 194 305 0 194 395 0 194 454.8
0 308 189 1 308 156.6 1 308 897 1 308 806 1 308 393 0 308 631 1 308 600.6
1 848 611 0 848 211.6 1 848 2246 1 848 1793 1 848 865 1 848 1459 1 848 1467.6
0 629 403.5 0 629 174.8 1 629 1643.5 1 629 1398 0 629 714 0 629 1050.5 1 629 1246.3
0 81 96.5 0 81 208.2 1 81 331.5 0 81 261 1 81 174 1 81 143.5 1 81 286.7
0 70 66 1 70 58 1 70 306 1 70 220 1 70 93 0 70 158 1 70 174
1 525 434.5 1 525 118 1 525 1430.5 1 525 1086 0 525 631 1 525 884.5 1 525 1064.5
0 564 336 1 564 271.8 0 564 1560 0 564 1236 1 564 739 0 564 1030 0 564 1113.8
0 902 580 0 902 289.4 1 902 2329 0 902 1902 0 902 1100 1 902 1478 1 902 1583.4
0 68 184 0 68 54.6 1 68 254 1 68 188 1 68 96 0 68 186 0 68 161.6
0 349 308.5 0 349 219.8 0 349 913.5 0 349 878 0 349 414 0 349 627.5 0 349 598.3
0 954 630 0 954 374.8 0 954 2528 0 954 1989 0 954 1018 1 954 1439 1 954 1792.8
1 451 255.5 0 451 276.2 0 451 1182.5 0 451 922 0 451 492 0 451 760.5 0 451 790.7
1 806 467 0 806 333.2 1 806 2139 0 806 1647 1 806 986 1 806 1354 0 806 1489.2
0 749 525.5 0 749 237.8 1 749 1998.5 0 749 1567 1 749 846 1 749 1136.5 1 749 1442.3
1 366 184 1 366 247.2 1 366 1010 0 366 746 1 366 488 1 366 567 1 366 738.2
1 525 278.5 0 525 202 0 525 1353.5 1 525 1224 0 525 559 0 525 819.5 1 525 1065.5
0 561 352.5 1 561 238.2 0 561 1566.5 1 561 1224 0 561 570 1 561 932.5 1 561 962.7
1 905 640.5 0 905 355 1 905 2442.5 1 905 2002 0 905 981 0 905 1469.5 1 905 1580.5
0 621 330.5 1 621 175.2 1 621 1559.5 0 621 1392 1 621 781 0 621 931.5 1 621 1221.7
1 832 459 1 832 263.4 1 832 2174 1 832 1793 0 832 883 1 832 1349 1 832 1506.4
0 17 153.5 0 17 121.4 0 17 218.5 0 17 164 1 17 105 0 17 108.5 1 17 52.9
0 272 262 0 272 166.4 0 272 732 1 272 741 0 272 454 1 272 490 1 272 536.4
0 868 518 1 868 360.6 1 868 2351 0 868 1874 1 868 947 1 868 1386 1 868 1650.6
1 882 521 0 882 320.4 0 882 2302 0 882 1903 1 882 886 0 882 1386 0 882 1524.4
1 828 517 0 828 275.6 0 828 2224 0 828 1742 0 828 830 0 828 1426 0 828 1575.6
0 852 625 0 852 335.4 1 852 2316 1 852 1794 1 852 1003 1 852 1362 1 852 1614.4
0 170 268 1 170 108 0 170 459 0 170 512 1 170 210 1 170 324 0 170 339
0 946 620 0 946 191.2 0 946 2386 1 946 2011 0 946 1141 0 946 1589 1 946 1753.2
1 329 194.5 1 329 133.8 0 329 952.5 1 329 766 1 329 427 0 329 571.5 0 329 636.3
1 521 306.5 0 521 214.2 0 521 1343.5 0 521 1208 0 521 706 0 521 967.5 0 521 1012.7
1 54 88 0 54 68.8 0 54 200 0 54 113 1 54 149 0 54 220 0 54 191.8
0 354 187 1 354 234.8 0 354 998 1 354 902 1 354 400 1 354 698 0 354 663.8
1 542 366 1 542 127.4 1 542 1438 1 542 1259 0 542 569 0 542 822 0 542 1028.4
1 235 266.5 0 235 189 1 235 774.5 1 235 475 1 235 347 0 235 389.5 1 235 503.5
0 131 117.5 1 131 30.2 1 131 368.5 0 131 399 0 131 225 0 131 272.5 1 131 275.7
1 683 479.5 0 683 321.6 1 683 1764.5 1 683 1486 1 683 873 0 683 1118.5 0 683 1292.1
1 164 233 1 164 116.8 0 164 491 0 164 472 0 164 265 1 164 373 0 164 322.8
1 767 462.5 1 767 308.4 1 767 2059.5 0 767 1685 1 767 809 1 767 1342.5 1 767 1398.9
0 723 432.5 0 723 269.6 1 723 1888.5 1 723 1642 1 723 731 0 723 1195.5 1 723 1400.1
0 582 338 1 582 221.4 0 582 1541 0 582 1203 1 582 693 1 582 1041 0 582 1058.4
1 852 595 0 852 317.4 1 852 2140 0 852 1823 0 852 921 1 852 1419 0 852 1594.4
0 588 489 1 588 254.6 1 588 1582 0 588 1225 1 588 726 0 588 1070 1 588 1019.6
1 305 256.5 0 305 238 0 305 847.5 1 305 632 0 305 389 0 305 655.5 0 305 525.5
1 970 534 1 970 336 1 970 2475 1 970 2082 0 970 1009 0 970 1487 1 970 1749
1 89 204.5 1 89 165.8 1 89 287.5 0 89 227 0 89 204 0 89 279.5 0 89 175.3
0 711 446.5 1 711 151.2 0 711 1832.5 0 711 1509 0 711 720 0 711 1074.5 0 711 1404.7
0 975 621.5 0 975 240 0 975 2607.5 1 975 1978 0 975 1066 1 975 1499.5 0 975 1719.5
0 749 452.5 1 749 308.8 1 749 1998.5 0 749 1608 1 749 793 0 749 1304.5 0 749 1425.3
0 430 224 1 430 216 0 430 1184 1 430 1019 1 430 624 1 430 765 0 430 841
0 113 130.5 0 113 36.6 0 113 317.5 0 113 239 1 113 140 1 113 332.5 1 113 295.1
1 428 378 0 428 165.6 0 428 1237 0 428 1013 1 428 601 0 428 820 0 428 900.6
0 915 572.5 0 915 311 1 915 2397.5 0 915 1953 1 915 1110 0 915 1441.5 0 915 1617.5
1 979 664.5 0 979 317.8 0 979 2509.5 1 979 2049 0 979 1011 0 979 1611.5 1 979 1688.3
0 200 272 1 200 183 0 200 506 1 200 401 0 200 380 1 200 429 1 200 411
1 459 279.5 0 459 267.8 0 459 1304.5 1 459 957 1 459 462 1 459 858.5 1 459 836.3
1 548 431 1 548 222.6 0 548 1470 1 548 1239 0 548 608 0 548 934 1 548 1109.6
1 292 318 1 292 126.4 1 292 849 1 292 693 0 292 317 1 292 632 1 292 539.4
0 521 404.5 1 521 233.2 1 521 1362.5 0 521 1195 1 521 688 0 521 812.5 1 521 1064.7
0 553 419.5 0 553 244.6 0 553 1528.5 0 553 1259 1 553 559 1 553 1027.5 0 553 1061.1
0 453 262.5 1 453 174.6 1 453 1294.5 1 453 954 1 453 647 1 453 804.5 0 453 772.1
0 402 280 0 402 116.4 1 402 1099 1 402 967 1 402 499 0 402 760 0 402 770.4
1 456 413 1 456 91.2 1 456 1279 1 456 1101 1 456 538 1 456 882 1 456 872.2
0 123 227.5 0 123 63.6 0 123 358.5 1 123 375 0 123 249 0 123 356.5 1 123 389.1
0 701 389.5 1 701 339.2 0 701 1938.5 1 701 1594 0 701 750 0 701 1231.5 0 701 1295.7
1 573 399.5 0 573 298.6 0 573 1522.5 1 573 1163 0 573 699 0 573 882.5 1 573 1129.1
0 156 149 1 156 69.2 0 156 485 0 156 446 1 156 287 1 156 255 0 156 425.2
0 395 360.5 1 395 196 1 395 1179.5 0 395 902 1 395 531 0 395 768.5 0 395 742.5
0 750 472 1 750 266 0 750 1928 0 750 1518 1 750 789 0 750 1151 0 750 1331
1 387 273.5 0 387 262.4 0 387 1160.5 0 387 785 1 387 451 1 387 715.5 1 387 715.9
1 994 571 1 994 280.8 0 994 2487 0 994 2091 1 994 1023 1 994 1554 0 994 1719.8
1 489 256.5 0 489 241.8 0 489 1226.5 1 489 1041 0 489 506 0 489 879.5 1 489 920.3
1 622 420 1 622 323.4 1 622 1557 0 622 1331 0 622 629 1 622 1022 0 622 1182.4
1 809 474.5 0 809 239.8 0 809 2185.5 0 809 1770 1 809 937 0 809 1293.5 0 809 1514.3
0 740 431 1 740 304 1 740 1921 0 740 1516 1 740 789 1 740 1150 1 740 1409
0 943 584.5 1 943 362.6 0 943 2458.5 0 943 2027 0 943 1037 1 943 1481.5 1 943 1657.1
0 504 406 1 504 227.8 1 504 1455 0 504 1115 1 504 613 1 504 866 1 504 878.8
0 155 120.5 0 155 92 1 155 513.5 1 155 418 1 155 229 1 155 232.5 0 155 354.5
1 630 457 0 630 144 0 630 1727 0 630 1286 0 630 698 0 630 1118 1 630 1220
0 850 530 1 850 346 1 850 2278 1 850 1720 1 850 882 1 850 1288 1 850 1581
0 433 402.5 1 433 181.6 1 433 1255.5 1 433 869 0 433 602 1 433 761.5 0 433 858.1
1 280 268 1 280 65 0 280 792 1 280 712 0 280 334 0 280 513 0 280 517
1 294 196 0 294 206.8 1 294 934 1 294 601 0 294 383 1 294 487 0 294 597.8
0 900 613 0 900 312 0 900 2257 0 900 1954 0 900 1009 1 900 1355 1 900 1625
1 175 125.5 0 175 85 1 175 515.5 0 175 354 1 175 249 0 175 417.5 1 175 450.5
0 535 312.5 0 535 203 0 535 1412.5 1 535 1120 0 535 711 1 535 906.5 0 535 1021.5
0 616 345 0 616 217.2 1 616 1609 1 616 1238 0 616 621 0 616 1032 0 616 1160.2
0 415 273.5 0 415 237 1 415 1176.5 1 415 1016 1 415 534 1 415 661.5 0 415 875.5
1 138 148 0 138 144.6 1 138 516 1 138 299 0 138 163 1 138 267 1 138 356.6
1 688 408 0 688 227.6 0 688 1787 1 688 1543 0 688 761 0 688 1054 1 688 1350.6
1 407 357.5 1 407 218.4 0 407 1023.5 0 407 1010 1 407 437 1 407 620.5 0 407 714.9
0 980 613 0 980 231 1 980 2618 0 980 2062 0 980 1162 0 980 1604 1 980 1712
1 952 627 0 952 195.4 0 952 2487 0 952 2077 1 952 1148 1 952 1514 1 952 1699.4
0 568 442 1 568 311.6 0 568 1437 0 568 1229 0 568 730 1 568 855 0 568 1090.6
0 66 52 1 66 65.2 1 66 167 1 66 211 1 66 224 1 66 268 1 66 237.2
0 201 243.5 0 201 225.2 0 201 521.5 0 201 445 1 201 360 1 201 472.5 0 201 426.7
0 271 331.5 1 271 195.2 0 271 722.5 0 271 610 0 271 338 1 271 491.5 0 271 525.7
1 847 465.5 0 847 308.4 1 847 2189.5 0 847 1877 0 847 866 1 847 1392.5 0 847 1574.9
0 66 198 0 66 69.2 1 66 283 0 66 205 0 66 106 1 66 180 0 66 236.2
0 689 492.5 0 689 201.8 1 689 1882.5 1 689 1417 0 689 859 1 689 1187.5 1 689 1348.3
0 11 115.5 1 11 76.2 0 11 159.5 0 11 37 1 11 47 0 11 163.5 0 11 107.7
1 309 268.5 1 309 175.8 1 309 917.5 1 309 628 0 309 450 1 309 591.5 0 309 591.3
1 342 187 1 342 138.4 0 342 935 0 342 874 1 342 448 1 342 590 0 342 587.4
0 470 404 0 470 188 1 470 1267 1 470 943 1 470 525 1 470 882 0 470 948
1 799 503.5 0 799 322.8 0 799 2030.5 1 799 1734 0 799 893 1 799 1378.5 1 799 1478.3
1 152 268 1 152 85.4 0 152 486 0 152 341 1 152 205 1 152 349 1 152 443.4
1 822 510 0 822 297.4 1 822 2151 1 822 1826 0 822 835 1 822 1275 0 822 1558.4
1 82 117 1 82 107.4 1 82 244 1 82 209 0 82 226 1 82 214 0 82 298.4
0 300 304 1 300 116 0 300 908 0 300 608 1 300 373 0 300 522 0 300 556
1 19 112.5 0 19 104.8 1 19 156.5 0 19 95 1 19 142 1 19 144.5 0 19 53.3
0 60 184 1 60 153 0 60 212 1 60 313 1 60 73 0 60 225 0 60 227
1 650 333 0 650 246 1 650 1797 1 650 1471 1 650 671 1 650 1111 0 650 1147
0 432 367 0 432 109.4 0 432 1232 1 432 923 1 432 564 0 432 819 0 432 920.4
1 364 211 1 364 172.8 0 364 1084 1 364 915 1 364 381 1 364 569 1 364 663.8
0 925 581.5 0 925 337 1 925 2315.5 1 925 2001 1 925 1028 1 925 1559.5 1 925 1733.5
0 960 657 0 960 206 1 960 2554 0 960 2091 0 960 1037 0 960 1451 0 960 1677
0 684 378 1 684 257.8 1 684 1900 1 684 1501 1 684 871 1 684 1186 1 684 1176.8
1 811 503.5 0 811 305.2 0 811 2134.5 1 811 1711 0 811 896 0 811 1312.5 1 811 1526.7
1 772 555 1 772 292.4 1 772 2115 0 772 1548 1 772 910 0 772 1281 1 772 1444.4
1 58 157 1 58 190.6 0 58 277 0 58 181 1 58 98 1 58 143 0 58 180.6
1 853 434.5 0 853 256.6 0 853 2180.5 1 853 1841 1 853 865 0 853 1355.5 1 853 1590.1
1 704 476 0 704 243.8 0 704 1864 1 704 1573 1 704 869 1 704 1071 0 704 1316.8
0 516 398 1 516 240.2 1 516 1411 1 516 1132 1 516 652 1 516 890 1 516 1066.2
1 198 103 1 198 41.6 1 198 685 1 198 463 0 198 215 0 198 494 0 198 354.6
1 831 572.5 0 831 258.2 0 831 2139.5 0 831 1834 1 831 999 1 831 1259.5 0 831 1462.7
1 355 356.5 1 355 126 1 355 1075.5 1 355 858 0 355 487 0 355 627.5 1 355 616.5
0 225 189.5 0 225 191 0 225 705.5 1 225 617 0 225 231 0 225 381.5 1 225 543.5
1 262 212 1 262 111.4 0 262 656 1 262 688 0 262 426 1 262 566 1 262 497.4
0 613 486.5 1 613 168.6 1 613 1606.5 1 613 1262 0 613 622 1 613 967.5 0 613 1173.1
1 425 241.5 1 425 244 1 425 1163.5 0 425 890 1 425 623 1 425 768.5 1 425 759.5
0 726 431 0 726 281.2 0 726 1974 1 726 1455 0 726 746 0 726 1227 1 726 1350.2
1 257 251.5 1 257 204.4 1 257 695.5 1 257 686 1 257 445 0 257 583.5 1 257 581.9
1 726 494 0 726 209.2 1 726 1985 0 726 1606 1 726 802 1 726 1106 1 726 1422.2
1 513 370.5 0 513 157.6 0 513 1317.5 1 513 1179 0 513 550 1 513 883.5 1 513 925.1
1 405 342.5 1 405 160 1 405 1154.5 0 405 965 0 405 526 1 405 765.5 1 405 812.5
0 667 420.5 1 667 258.4 0 667 1766.5 1 667 1392 1 667 786 1 667 1037.5 1 667 1185.9
1 679 413.5 0 679 257.8 1 679 1790.5 1 679 1462 1 679 824 0 679 1156.5 0 679 1296.3
0 835 603.5 0 835 279 0 835 2091.5 1 835 1809 0 835 954 1 835 1404.5 0 835 1549.5
0 802 445 0 802 161.4 0 802 2041 1 802 1766 1 802 893 1 802 1204 0 802 1368.4
1 518 418 0 518 200.6 1 518 1431 1 518 1130 0 518 715 1 518 968 1 518 898.6
1 105 168.5 1 105 22 0 105 324.5 0 105 292 1 105 145 0 105 266.5 0 105 232.5
1 686 387 1 686 307.2 0 686 1823 1 686 1479 0 686 736 0 686 1206 1 686 1296.2
0 241 267.5 0 241 120.2 0 241 697.5 0 241 566 1 241 399 0 241 523.5 1 241 445.7
0 806 577 1 806 181.2 1 806 2203 0 806 1697 1 806 894 0 806 1321 0 806 1424.2
0 731 525.5 0 731 250.2 0 731 2007.5 0 731 1642 0 731 805 1 731 1151.5 0 731 1409.7
0 298 186 1 298 238.6 0 298 830 1 298 795 0 298 464 1 298 514 0 298 593.6
0 81 93.5 1 81 19.2 1 81 398.5 1 81 237 1 81 249 1 81 201.5 0 81 244.7
0 836 540 0 836 330.2 0 836 2120 0 836 1812 0 836 937 1 836 1355 1 836 1508.2
1 464 318 1 464 245.8 1 464 1259 1 464 1092 0 464 592 1 464 728 1 464 812.8
1 293 314.5 1 293 182.6 0 293 765.5 1 293 586 0 293 320 0 293 574.5 0 293 687.1
1 80 82 1 80 158 1 80 313 0 80 311 0 80 213 0 80 162 0 80 163
0 939 659.5 0 939 314.8 0 939 2480.5 1 939 2021 1 939 1104 1 939 1468.5 0 939 1693.3
1 404 300 0 404 135.8 1 404 1125 0 404 1003 0 404 445 0 404 682 0 404 700.8
1 936 580 1 936 378.2 1 936 2352 0 936 1944 1 936 1079 1 936 1539 1 936 1607.2
0 727 412.5 1 727 310.4 0 727 1962.5 1 727 1611 0 727 785 0 727 1220.5 0 727 1331.9
1 654 420 0 654 139.8 1 654 1798 1 654 1460 1 654 779 1 654 999 1 654 1146.8
0 606 460 1 606 138.2 1 606 1534 0 606 1364 0 606 666 0 606 1047 0 606 1112.2
1 95 214.5 0 95 87 1 95 410.5 1 95 240 1 95 97 1 95 152.5 0 95 173.5
0 557 363.5 0 557 178.4 1 557 1542.5 1 557 1163 1 557 643 1 557 979.5 0 557 1145.9
1 841 557.5 0 841 343.2 1 841 2209.5 0 841 1791 1 841 948 1 841 1447.5 1 841 1609.7
0 694 531 1 694 315.8 0 694 1929 0 694 1534 0 694 811 0 694 1233 1 694 1248.8
1 661 411.5 0 661 275.2 1 661 1772.5 0 661 1450 1 661 728 0 661 1090.5 0 661 1286.7
0 759 504.5 1 759 254.8 0 759 2033.5 0 759 1564 0 759 831 1 759 1242.5 1 759 1446.3
0 149 89.5 0 149 204.8 0 149 395.5 1 149 312 1 149 189 1 149 344.5 1 149 369.3
1 919 505.5 1 919 318.8 0 919 2356.5 0 919 1941 1 919 1070 0 919 1410.5 1 919 1706.3
1 70 102 0 70 45 0 70 183 0 70 309 0 70 234 0 70 126 0 70 261
1 582 442 0 582 131.4 0 582 1568 0 582 1188 1 582 746 1 582 930 0 582 1150.4
1 152 116 0 152 158.4 0 152 554 0 152 334 0 152 210 1 152 422 0 152 325.4
0 670 366 0 670 245 1 670 1846 0 670 1498 0 670 699 0 670 1118 0 670 1335
0 751 534.5 1 751 248.2 0 751 2072.5 1 751 1614 0 751 767 1 751 1223.5 0 751 1323.7
0 842 452 1 842 326.4 1 842 2156 1 842 1854 0 842 902 1 842 1431 1 842 1542.4
0 216 158 1 216 230.2 1 216 666 1 216 505 0 216 337 1 216 431 0 216 379.2
1 755 473.5 1 755 258 0 755 1965.5 0 755 1538 0 755 950 0 755 1306.5 1 755 1336.5
1 245 259.5 1 245 211 0 245 723.5 1 245 557 1 245 388 0 245 500.5 1 245 513.5
0 603 355.5 1 603 192.6 1 603 1552.5 1 603 1322 1 603 779 1 603 979.5 0 603 1198.1
1 299 287.5 0 299 113.8 1 299 864.5 1 299 622 0 299 463 0 299 488.5 0 299 508.3
0 569 315.5 1 569 119.8 1 569 1604.5 1 569 1225 0 569 586 1 569 925.5 0 569 993.3
1 476 387 1 476 284.2 1 476 1370 0 476 1079 1 476 574 1 476 911 0 476 850.2
1 811 456.5 1 811 276.2 0 811 2153.5 0 811 1763 0 811 874 1 811 1257.5 0 811 1541.7
0 597 455.5 1 597 195.4 0 597 1643.5 1 597 1199 0 597 730 1 597 944.5 1 597 1034.9
0 384 229 1 384 201.8 1 384 1105 1 384 917 1 384 552 0 384 763 1 384 688.8
0 238 166 1 238 87.6 0 238 612 1 238 625 0 238 276 0 238 534 1 238 407.6
0 219 126.5 1 219 230.8 0 219 743.5 0 219 614 0 219 255 0 219 372.5 1 219 448.3
0 907 499.5 0 907 358.4 1 907 2277.5 0 907 1863 1 907 1016 0 907 1548.5 0 907 1688.9
1 159 142.5 0 159 38.8 0 159 528.5 1 159 504 1 159 192 1 159 310.5 0 159 400.3
1 200 191 1 200 134 1 200 637 0 200 487 0 200 333 0 200 456 0 200 357
1 724 416 1 724 301.8 1 724 1883 0 724 1456 0 724 729 1 724 1183 1 724 1392.8
1 157 192.5 0 157 222.4 1 157 410.5 0 157 319 0 157 302 0 157 314.5 0 157 329.9
0 57 184.5 0 57 193.4 0 57 333.5 1 57 147 1 57 217 0 57 259.5 1 57 117.9
1 328 257 1 328 252.6 1 328 974 0 328 788 0 328 338 1 328 668 0 328 606.6
1 566 337 1 566 148.2 1 566 1490 1 566 1192 1 566 649 1 566 985 0 566 992.2
1 587 474.5 0 587 214.4 0 587 1656.5 1 587 1339 1 587 690 1 587 962.5 0 587 1077.9
0 2 162 1 2 110.4 1 2 58 1 2 73 0 2 75 0 2 131 0 2 10.4
1 100 85 0 100 149 0 100 333 0 100 372 1 100 253 0 100 220 0 100 190
0 595 489.5 0 595 140 0 595 1603.5 1 595 1297 1 595 602 1 595 915.5 0 595 1077.5
1 202 178 1 202 189.4 1 202 547 0 202 528 1 202 387 1 202 404 0 202 516.4
1 688 430 1 688 170.6 0 688 1863 0 688 1491 0 688 752 0 688 1036 0 688 1337.6
0 625 332.5 1 625 131 0 625 1745.5 1 625 1396 1 625 719 0 625 1128.5 0 625 1116.5
0 682 354 1 682 195.4 1 682 1879 0 682 1397 1 682 824 0 682 1144 0 682 1307.4
1 282 212 1 282 226.4 1 282 864 0 282 750 0 282 360 1 282 477 0 282 545.4
1 11 127.5 1 11 152.2 0 11 199.5 0 11 85 1 11 127 1 11 128.5 1 11 51.7
0 915 510.5 0 915 210 0 915 2422.5 0 915 2009 1 915 1051 0 915 1472.5 1 915 1556.5
0 680 433 0 680 301 1 680 1853 0 680 1435 0 680 692 0 680 1150 1 680 1156
1 803 427.5 1 803 354.6 1 803 2128.5 1 803 1651 1 803 981 0 803 1265.5 0 803 1417.1
1 600 397 0 600 122 1 600 1559 0 600 1216 0 600 664 0 600 926 0 600 1184
0 326 348 1 326 152.2 0 326 852 0 326 785 0 326 472 1 326 555 1 326 566.2
1 278 238 1 278 138.6 1 278 786 1 278 752 1 278 461 1 278 435 1 278 575.6
1 733 473.5 0 733 265.6 1 733 2022.5 0 733 1639 1 733 925 1 733 1173.5 1 733 1370.1
0 272 184 0 272 62.4 1 272 843 1 272 665 0 272 441 0 272 508 1 272 606.4
1 209 277.5 0 209 124.8 1 209 643.5 1 209 528 1 209 229 1 209 338.5 1 209 412.3
1 395 230.5 0 395 241 1 395 1163.5 0 395 843 1 395 542 1 395 692.5 0 395 675.5
0 341 337.5 0 341 188.2 1 341 985.5 1 341 840 0 341 442 0 341 531.5 1 341 698.7
1 627 392.5 0 627 145.4 1 627 1731.5 0 627 1348 0 627 680 1 627 1043.5 1 627 1216.9
1 175 115.5 0 175 41 0 175 443.5 0 175 402 1 175 287 0 175 461.5 0 175 332.5
1 986 509 0 986 250.2 0 986 2606 1 986 2151 1 986 1062 1 986 1649 0 986 1708.2
0 225 190.5 0 225 201 0 225 723.5 0 225 604 1 225 267 0 225 353.5 1 225 510.5
0 732 448 1 732 261.4 1 732 1956 0 732 1565 0 732 920 0 732 1280 1 732 1440.4
1 325 216.5 1 325 234 0 325 949.5 1 325 843 0 325 328 0 325 662.5 0 325 715.5
0 567 405.5 1 567 201.4 0 567 1586.5 0 567 1286 1 567 674 1 567 945.5 0 567 1098.9
1 957 595.5 1 957 199.4 1 957 2434.5 1 957 2084 0 957 1144 1 957 1485.5 0 957 1738.9
1 675 385.5 0 675 220 1 675 1877.5 1 675 1490 1 675 691 1 675 1158.5 0 675 1280.5
1 48 156 1 48 119.6 1 48 149 1 48 226 1 48 247 1 48 84 1 48 210.6
1 284 257 1 284 206.8 0 284 907 1 284 652 0 284 356 1 284 578 0 284 510.8
1 601 344.5 0 601 258.2 1 601 1551.5 0 601 1315 1 601 628 1 601 1069.5 1 601 1126.7
1 842 608 1 842 365.4 1 842 2243 0 842 1745 0 842 891 0 842 1358 0 842 1600.4
0 618 327 1 618 133.6 0 618 1668 1 618 1264 0 618 667 0 618 1038 0 618 1145.6
0 790 556 0 790 194 1 790 2172 0 790 1630 1 790 989 1 790 1348 1 790 1529
1 195 178.5 1 195 203 1 195 575.5 0 195 520 0 195 369 1 195 449.5 0 195 529.5
0 574 399 1 574 290.8 0 574 1589 1 574 1279 0 574 631 0 574 985 1 574 982.8
0 74 223 1 74 85.8 0 74 261 1 74 335 0 74 110 1 74 122 1 74 246.8
0 790 444 1 790 216 0 790 2169 1 790 1625 1 790 902 0 790 1370 1 790 1474
0 464 420 0 464 200.8 0 464 1323 1 464 988 1 464 530 0 464 789 0 464 883.8
0 718 383 0 718 144.6 1 718 1815 1 718 1491 1 718 903 0 718 1228 1 718 1323.6
1 618 383 1 618 317.6 1 618 1652 1 618 1345 0 618 770 1 618 1033 0 618 1079.6
1 142 216 1 142 110.4 0 142 398 0 142 309 1 142 214 0 142 412 0 142 308.4
1 979 554.5 0 979 242.8 1 979 2481.5 0 979 2121 0 979 1153 0 979 1588.5 0 979 1700.3
0 734 400 0 734 216.8 1 734 1846 0 734 1469 1 734 770 1 734 1101 1 734 1337.8
0 893 460.5 0 893 197.6 1 893 2262.5 0 893 1823 0 893 1070 1 893 1492.5 1 893 1634.1
1 625 356.5 0 625 181 0 625 1736.5 0 625 1377 0 625 757 1 625 1028.5 1 625 1148.5
1 693 489.5 0 693 230.6 0 693 1883.5 1 693 1549 1 693 880 1 693 1088.5 0 693 1211.1
1 764 573 1 764 317.8 0 764 2007 0 764 1644 1 764 833 1 764 1196 0 764 1366.8
0 599 358.5 0 599 285.8 1 599 1569.5 1 599 1327 1 599 702 1 599 1084.5 1 599 1105.3
1 481 399.5 1 481 199.2 0 481 1249.5 1 481 1066 1 481 606 0 481 875.5 1 481 903.7
0 57 49.5 1 57 167.4 0 57 145.5 1 57 302 0 57 235 0 57 244.5 1 57 131.9
1 724 544 0 724 241.8 0 724 1903 1 724 1617 1 724 732 0 724 1280 1 724 1360.8
1 518 383 1 518 301.6 0 518 1322 0 518 1091 0 518 626 1 518 903 1 518 889.6
1 920 646 0 920 256 1 920 2341 1 920 1858 1 920 1108 0 920 1479 0 920 1659
0 716 408 1 716 300.2 0 716 1954 0 716 1576 0 716 855 1 716 1096 1 716 1269.2
0 23 56.5 1 23 184.6 1 23 119.5 1 23 146 1 23 187 1 23 111.5 1 23 212.1
1 425 319.5 0 425 94 0 425 1071.5 0 425 947 1 425 443 1 425 663.5 0 425 725.5
0 898 606 1 898 227.6 0 898 2430 1 898 1809 1 898 1027 0 898 1544 0 898 1596.6
1 239 252.5 0 239 197.8 0 239 710.5 0 239 602 0 239 300 0 239 480.5 1 239 428.3
1 440 332 1 440 152 1 440 1246 1 440 1073 1 440 551 0 440 711 1 440 802
0 809 536.5 0 809 232.8 0 809 2059.5 1 809 1658 0 809 862 0 809 1263.5 1 809 1525.3
1 417 314.5 0 417 231.4 0 417 1206.5 1 417 942 0 417 497 1 417 716.5 1 417 862.9
0 569 463.5 0 569 212.8 1 569 1590.5 1 569 1328 0 569 751 0 569 873.5 0 569 1132.3
1 827 518.5 0 827 343.4 1 827 2255.5 1 827 1753 0 827 926 1 827 1333.5 0 827 1588.9
0 768 388 1 768 213.6 0 768 2053 0 768 1692 1 768 885 1 768 1348 1 768 1403.6
0 731 387.5 0 731 259.2 0 731 1970.5 0 731 1634 0 731 861 0 731 1128.5 1 731 1317.7
0 158 273 1 158 148.6 1 158 531 0 158 484 1 158 233 1 158 413 0 158 437.6
0 14 167 0 14 164.8 0 14 64 0 14 71 1 14 164 0 14 116 1 14 29.8
1 851 436.5 1 851 286.2 1 851 2241.5 1 851 1772 0 851 976 1 851 1345.5 1 851 1488.7
1 381 318.5 1 381 258.2 1 381 1029.5 0 381 820 1 381 545 0 381 739.5 0 381 751.7
0 444 343 0 444 248.8 1 444 1136 0 444 1035 0 444 560 1 444 668 0 444 830.8
0 464 417 0 464 137.8 1 464 1184 0 464 975 0 464 479 1 464 862 1 464 805.8
1 560 450 0 560 159 0 560 1509 0 560 1188 0 560 655 1 560 897 0 560 1093
0 786 429 1 786 197.2 0 786 2021 1 786 1708 0 786 841 0 786 1275 0 786 1448.2
1 843 608.5 1 843 244.6 1 843 2279.5 0 843 1749 1 843 960 1 843 1312.5 0 843 1539.1
0 57 135.5 0 57 22.4 0 57 144.5 1 57 255 0 57 211 1 57 191.5 0 57 182.9
0 405 287.5 1 405 156 1 405 1205.5 1 405 963 1 405 429 1 405 703.5 0 405 721.5
1 754 448 1 754 237.8 1 754 1940 0 754 1565 0 754 849 0 754 1186 0 754 1305.8
1 399 246.5 1 399 275.8 1 399 1073.5 0 399 832 0 399 462 1 399 673.5 0 399 804.3
