977 822 1
730 84 1
980 741 1
481 149 1
514 767 1
876 931 1
870 928 1
775 653 1
98 9 0
245 182 0
909 16 1
518 504 1
388 776 1
724 594 1
882 789 1
305 459 0
580 217 1
477 364 1
590 213 1
391 968 1
221 154 0
114 38 0
992 540 1
320 166 0
389 202 1
815 837 1
767 453 1
925 842 1
299 207 0
200 345 0
510 984 1
147 436 0
462 706 1
368 215 1
911 195 1
996 970 1
918 133 1
847 793 1
242 647 0
993 681 1
914 792 1
175 331 0
399 476 1
583 67 1
629 172 1
426 776 1
570 524 1
340 984 1
199 86 0
303 936 1
318 313 0
288 415 0
353 211 0
334 232 0
485 823 1
261 547 0
397 59 1
302 92 0
891 991 1
58 818 0
200 105 0
303 526 1
208 530 0
68 684 0
57 775 0
703 340 1
760 198 1
163 943 0
9 273 0
839 972 1
256 923 1
926 603 1
274 772 1
538 939 1
608 241 1
672 424 1
934 326 1
367 441 1
65 364 0
330 488 1
918 958 1
81 768 0
873 815 1
962 354 1
618 787 1
924 750 1
531 967 1
589 625 1
199 718 0
254 679 0
527 35 1
33 50 0
751 178 1
474 757 1
93 997 0
712 587 1
986 615 1
428 394 1
169 726 0
626 223 1
73 0 0
173 377 0
205 96 0
346 729 1
567 353 1
564 241 1
912 171 1
442 921 1
113 415 0
179 941 0
324 675 1
643 490 1
756 926 1
890 310 1
811 801 1
963 880 1
226 639 0
831 598 1
775 90 1
227 264 0
554 85 1
600 840 1
814 554 1
649 163 1
713 348 1
276 699 1
94 417 0
633 840 1
753 561 1
248 899 1
472 862 1
532 218 1
92 625 0
884 362 1
734 960 1
871 667 1
186 687 0
824 683 1
907 502 1
478 724 1
807 239 1
24 639 0
226 816 0
13 444 0
542 336 1
699 992 1
766 775 1
634 866 1
936 281 1
47 6 0
171 98 0
939 793 1
912 336 1
902 703 1
153 743 0
824 907 1
692 455 1
540 92 1
672 672 1
649 23 1
508 763 1
442 309 1
775 485 1
926 197 1
767 547 1
195 848 0
74 498 0
767 220 1
213 787 0
620 833 1
799 608 1
494 990 1
829 870 1
876 602 1
111 925 0
154 196 0
905 967 1
555 690 1
145 482 0
136 695 0
713 702 1
707 684 1
845 541 1
754 22 1
719 166 1
357 312 1
211 909 0
432 453 1
108 27 0
270 565 0
996 417 1
84 174 0
674 487 1
683 603 1
274 221 0
401 156 1
801 85 1
243 704 0
522 852 1
996 521 1
351 900 1
607 531 1
36 11 0
792 293 1
760 548 1
64 538 0
576 962 1
623 686 1
530 459 1
24 446 0
79 976 0
715 250 1
627 325 1
442 315 1
200 713 0
645 506 1
981 277 1
50 908 0
194 600 0
384 945 1
410 305 1
811 702 1
355 240 1
258 623 0
819 670 1
109 128 0
838 638 1
990 922 1
423 568 1
49 370 0
172 556 0
521 429 1
110 124 0
677 303 1
204 635 0
975 294 1
783 836 1
50 986 0
521 999 1
938 904 1
647 998 1
890 439 1
628 950 1
227 145 0
12 218 0
971 313 1
267 8 0
452 68 1
71 127 0
462 463 1
347 996 1
961 292 1
541 522 1
256 354 0
829 81 1
225 70 0
774 727 1
632 699 1
828 691 1
310 517 1
168 672 0
746 732 1
899 13 1
857 168 1
243 272 0
89 12 0
155 321 0
898 664 1
778 15 1
471 751 1
439 758 1
935 93 1
782 243 1
91 204 0
224 297 0
903 212 1
863 561 1
954 821 1
320 517 1
64 557 0
791 918 1
224 463 0
730 536 1
397 221 1
653 421 1
107 204 0
211 892 0
761 914 1
9 608 0
513 941 1
176 421 0
964 768 1
907 3 1
46 253 0
587 218 1
871 222 1
425 997 1
846 773 1
404 578 1
881 259 1
664 734 1
424 596 1
962 402 1
390 202 1
755 510 1
914 103 1
379 939 1
374 236 1
494 349 1
92 962 0
725 885 1
841 873 1
677 844 1
120 936 0
221 805 0
711 571 1
76 31 0
188 580 0
172 557 0
605 832 1
254 99 0
176 881 0
707 897 1
177 166 0
124 940 0
971 342 1
612 741 1
838 470 1
196 155 0
328 102 0
759 601 1
166 541 0
985 912 1
1 178 0
655 576 1
879 593 1
922 197 1
436 42 1
629 895 1
938 943 1
440 364 1
471 341 1
52 413 0
296 228 0
566 577 1
345 739 1
781 669 1
794 845 1
531 697 1
806 517 1
682 55 1
950 608 1
369 385 1
276 796 1
717 418 1
702 976 1
442 719 1
824 985 1
574 952 1
736 587 1
139 424 0
171 328 0
215 522 0
624 250 1
755 884 1
74 240 0
61 697 0
893 991 1
681 473 1
218 443 0
734 603 1
84 230 0
610 380 1
163 794 0
426 410 1
14 666 0
396 19 0
8 89 0
971 656 1
738 4 1
597 347 1
160 72 0
677 873 1
175 212 0
471 849 1
16 309 0
799 954 1
957 602 1
406 768 1
409 620 1
280 498 0
806 678 1
317 174 0
394 250 1
87 924 0
712 331 1
547 803 1
336 45 0
990 490 1
202 694 0
208 201 0
249 464 0
136 490 0
261 656 0
689 626 1
75 391 0
140 794 0
837 826 1
276 289 0
885 343 1
709 591 1
418 517 1
427 20 1
4 887 0
982 676 1
846 129 1
300 129 0
716 730 1
912 845 1
424 192 1
508 296 1
509 262 1
969 32 1
345 171 0
957 586 1
785 43 1
400 595 1
684 101 1
835 289 1
580 66 1
71 785 0
471 20 1
463 123 1
132 467 0
648 797 1
896 173 1
796 500 1
48 686 0
505 947 1
285 963 1
786 968 1
430 33 1
285 480 0
329 657 1
713 641 1
558 2 1
476 216 1
943 940 1
846 428 1
626 652 1
715 748 1
295 498 0
464 130 1
610 880 1
802 191 1
767 961 1
385 14 0
525 415 1
526 541 1
48 677 0
582 327 1
243 927 1
539 551 1
123 17 0
433 289 1
534 737 1
414 644 1
668 116 1
381 532 1
203 218 0
961 815 1
237 211 0
543 593 1
23 146 0
626 644 1
669 51 1
902 43 1
669 920 1
510 503 1
358 146 0
217 65 0
0 797 0
136 830 0
367 993 1
749 803 1
870 21 1
586 819 1
896 802 1
210 612 0
69 16 0
72 244 0
272 646 1
87 417 0
185 589 0
282 190 0
451 414 1
631 737 1
874 456 1
104 357 0
29 431 0
381 589 1
544 263 1
431 264 1
854 100 1
8 397 0
479 658 1
804 100 1
668 478 1
662 243 1
221 920 1
583 216 1
629 255 1
765 281 1
409 109 1
199 219 0
186 223 0
366 886 1
347 689 1
763 453 1
524 944 1
761 194 1
281 94 0
18 170 0
744 988 1
66 975 0
729 787 1
134 75 0
988 825 1
839 428 1
265 918 1
364 39 0
971 168 1
627 345 1
802 835 1
929 679 1
757 325 1
546 307 1
801 315 1
802 202 1
172 913 0
598 968 1
798 617 1
252 368 0
934 103 1
455 298 1
307 102 0
98 695 0
446 424 1
882 582 1
473 468 1
632 41 1
210 30 0
766 358 1
806 401 1
103 524 0
979 251 1
4 981 0
948 722 1
421 339 1
114 206 0
111 419 0
708 3 1
519 386 1
47 214 0
492 990 1
536 932 1
414 819 1
455 761 1
736 183 1
187 667 0
527 515 1
481 830 1
217 425 0
595 783 1
308 224 0
326 439 1
490 620 1
853 449 1
525 640 1
631 378 1
704 557 1
771 901 1
840 926 1
331 232 0
294 851 1
705 353 1
466 269 1
80 971 0
736 877 1
198 0 0
750 918 1
927 557 1
16 303 0
537 891 1
521 765 1
646 275 1
795 189 1
482 46 1
900 918 1
22 729 0
930 314 1
280 346 0
69 956 0
425 747 1
146 330 0
576 402 1
189 463 0
223 752 0
180 594 0
975 832 1
243 235 0
911 526 1
604 31 1
839 113 1
107 73 0
386 650 1
933 189 1
334 436 1
530 372 1
439 346 1
294 719 1
905 814 1
61 840 0
352 873 1
135 879 0
104 38 0
151 529 0
507 115 1
959 298 1
152 907 0
810 38 1
19 514 0
61 160 0
681 605 1
220 176 0
703 24 1
596 180 1
888 988 1
654 595 1
150 349 0
64 210 0
689 35 1
913 901 1
289 327 0
502 110 1
565 689 1
210 542 0
549 946 1
227 523 0
474 861 1
142 324 0
705 160 1
997 576 1
604 390 1
912 764 1
510 354 1
811 94 1
729 392 1
466 595 1
497 40 1
407 824 1
679 485 1
583 672 1
679 130 1
707 344 1
697 93 1
229 192 0
459 910 1
77 776 0
524 150 1
700 626 1
726 685 1
287 162 0
665 287 1
165 2 0
997 867 1
492 379 1
603 799 1
213 221 0
465 239 1
363 759 1
710 475 1
960 892 1
981 954 1
790 179 1
221 672 0
29 770 0
328 858 1
144 215 0
888 863 1
503 259 1
623 636 1
223 138 0
921 244 1
529 596 1
326 337 0
396 897 1
347 893 1
821 274 1
125 845 0
365 2 0
230 402 0
731 972 1
902 942 1
217 150 0
47 860 0
928 786 1
138 725 0
120 735 0
99 575 0
951 800 1
306 249 0
103 927 0
61 917 0
90 128 0
291 451 0
834 818 1
612 260 1
98 399 0
404 599 1
237 263 0
657 45 1
227 271 0
308 747 1
50 434 0
805 639 1
940 973 1
57 911 0
169 749 0
620 801 1
457 73 1
493 1 1
719 845 1
668 227 1
975 623 1
455 860 1
316 435 1
515 911 1
4 585 0
587 76 1
915 475 1
663 734 1
759 2 1
74 684 0
967 796 1
859 23 1
976 633 1
284 225 0
351 495 1
348 599 1
809 947 1
126 110 0
696 693 1
403 182 1
732 155 1
914 721 1
244 945 1
928 872 1
440 701 1
664 154 1
386 477 1
977 858 1
847 14 1
57 88 0
344 672 1
826 393 1
157 561 0
721 812 1
269 651 0
609 578 1
892 259 1
130 55 0
164 632 0
592 459 1
455 54 1
149 885 0
671 745 1
884 485 1
534 61 1
193 629 0
710 324 1
751 419 1
150 998 0
30 440 0
374 327 1
730 391 1
690 781 1
503 885 1
280 402 0
406 886 1
598 23 1
815 667 1
789 292 1
106 134 0
712 919 1
590 393 1
111 753 0
681 513 1
415 423 1
589 139 1
349 851 1
292 324 0
862 893 1
865 370 1
941 564 1
344 521 1
570 424 1
93 716 0
810 879 1
735 761 1
545 877 1
40 964 0
771 175 1
182 422 0
951 221 1
416 611 1
370 531 1
664 130 1
53 186 0
867 288 1
402 748 1
972 623 1
778 373 1
481 363 1
810 286 1
930 762 1
799 902 1
980 87 1
518 36 1
111 862 0
468 417 1
739 721 1
44 821 0
770 531 1
284 742 1
845 155 1
386 787 1
262 657 0
830 790 1
703 704 1
792 399 1
469 225 1
286 371 0
100 903 0
476 579 1
574 221 1
677 404 1
215 324 0
278 648 1
106 920 0
1 644 0
796 682 1
531 98 1
322 522 1
250 480 0
608 734 1
130 922 0
856 213 1
140 492 0
314 765 1
908 171 1
52 437 0
40 486 0
131 815 0
923 632 1
556 350 1
201 431 0
973 89 1
236 68 0
549 192 1
889 271 1
307 437 0
25 219 0
474 582 1
424 912 1
602 164 1
688 875 1
219 526 0
475 748 1
100 908 0
678 677 1
513 310 1
146 990 0
593 760 1
410 951 1
718 267 1
547 724 1
47 368 0
491 783 1
288 837 1
569 25 1
207 248 0
935 785 1
913 274 1
522 725 1
743 127 1
767 445 1
791 786 1
154 397 0
150 749 0
598 757 1
488 923 1
307 906 1
324 196 0
348 836 1
603 520 1
149 460 0
695 435 1
280 609 1
806 587 1
463 406 1
853 529 1
889 207 1
850 102 1
977 189 1
853 637 1
18 654 0
836 793 1
67 734 0
733 718 1
751 559 1
373 639 1
481 272 1
387 631 1
281 7 0
234 8 0
897 42 1
562 145 1
933 570 1
810 53 1
256 588 0
667 226 1
980 373 1
919 237 1
786 380 1
60 855 0
719 445 1
552 621 1
564 320 1
647 541 1
483 184 1
708 881 1
278 274 0
977 643 1
964 593 1
776 818 1
564 158 1
477 592 1
213 112 0
860 536 1
934 244 1
107 113 0
199 292 0
12 314 0
847 329 1
531 578 1
620 240 1
601 689 1
905 79 1
823 717 1
979 767 1
958 162 1
521 408 1
855 981 1
571 447 1
961 490 1
647 999 1
761 19 1
145 311 0
491 514 1
324 157 0
310 873 1
468 762 1
512 46 1
870 29 1
561 697 1
935 389 1
90 419 0
506 837 1
947 49 1
645 749 1
837 930 1
99 193 0
796 30 1
111 873 0
113 530 0
475 743 1
344 874 1
834 188 1
803 845 1
464 371 1
499 880 1
538 805 1
658 767 1
436 915 1
974 958 1
766 603 1
986 634 1
565 923 1
916 415 1
873 382 1
942 286 1
520 251 1
827 57 1
194 408 0
813 76 1
542 419 1
394 87 1
313 32 0
421 278 1
135 511 0
841 812 1
901 725 1
271 162 0
705 78 1
537 609 1
561 777 1
97 456 0
525 904 1
892 218 1
478 130 1
247 795 1
339 765 1
37 940 0
436 268 1
733 262 1
786 263 1
365 944 1
946 897 1
842 93 1
548 639 1
806 536 1
819 163 1
912 136 1
820 8 1
584 879 1
494 494 1
243 757 0
249 805 1
330 361 1
836 766 1
171 395 0
960 381 1
611 551 1
912 390 1
973 174 1
684 558 1
358 416 1
479 67 1
650 550 1
269 672 1
189 276 0
500 442 1
615 211 1
59 84 0
351 798 1
69 607 0
964 124 1
732 404 1
845 177 1
507 405 1
330 885 1
168 692 0
311 529 1
255 830 1
268 288 0
854 714 1
428 457 1
418 345 1
764 352 1
138 951 0
903 670 1
461 828 1
711 871 1
374 386 1
597 540 1
609 4 1
161 907 0
621 307 1
1 466 0
962 626 1
730 586 1
105 264 0
24 973 0
200 376 0
778 935 1
87 41 0
59 534 0
20 450 0
916 508 1
134 31 0
345 211 0
138 58 0
921 4 1
47 657 0
954 341 1
745 602 1
374 139 1
854 551 1
116 664 0
824 143 1
198 547 0
343 62 0
188 478 0
616 874 1
815 626 1
597 271 1
300 639 1
820 691 1
808 812 1
854 114 1
599 485 1
835 658 1
824 941 1
822 389 1
51 48 0
452 77 1
959 40 1
241 406 0
974 233 1
935 156 1
2 90 0
125 775 0
816 22 1
348 731 1
737 42 1
582 375 1
212 107 0
325 352 0
963 675 1
541 850 1
28 801 0
218 71 0
16 630 0
31 75 0
920 511 1
696 665 1
362 369 1
883 913 1
904 530 1
430 660 1
237 592 0
837 235 1
606 429 1
458 429 1
446 123 1
107 628 0
116 844 0
168 868 0
138 144 0
359 420 1
842 63 1
643 619 1
800 165 1
941 650 1
367 370 1
244 577 0
770 66 1
932 421 1
58 793 0
942 484 1
273 123 0
262 601 0
124 519 0
845 716 1
377 939 1
694 200 1
853 963 1
806 995 1
273 816 1
966 889 1
42 204 0
777 657 1
977 208 1
740 999 1
970 247 1
784 257 1
901 554 1
313 72 0
843 364 1
12 763 0
719 974 1
222 458 0
331 608 1
528 326 1
621 991 1
990 751 1
663 410 1
563 617 1
355 742 1
246 841 1
772 89 1
137 47 0
423 861 1
379 214 1
149 992 0
29 718 0
407 544 1
692 710 1
379 950 1
765 869 1
702 163 1
762 299 1
823 695 1
314 685 1
854 128 1
312 660 1
562 902 1
674 762 1
282 607 1
470 201 1
467 560 1
366 252 1
438 176 1
720 949 1
271 443 0
153 661 0
325 380 1
183 201 0
570 551 1
947 575 1
899 717 1
146 120 0
985 547 1
979 100 1
47 573 0
904 528 1
98 341 0
766 668 1
740 186 1
50 977 0
388 215 1
348 941 1
483 804 1
319 837 1
97 64 0
505 963 1
344 830 1
980 497 1
851 636 1
453 352 1
731 881 1
547 24 1
915 890 1
550 315 1
524 386 1
272 536 0
142 965 0
130 463 0
391 549 1
504 345 1
54 567 0
472 966 1
848 237 1
457 419 1
987 976 1
250 338 0
168 658 0
391 63 1
916 307 1
564 259 1
307 469 1
498 770 1
387 80 1
784 185 1
820 299 1
15 110 0
977 639 1
982 134 1
173 550 0
214 168 0
834 485 1
719 970 1
937 737 1
964 456 1
143 107 0
281 706 1
115 536 0
495 494 1
818 474 1
243 829 1
234 209 0
839 196 1
320 958 1
425 432 1
915 28 1
190 45 0
274 82 0
880 951 1
334 887 1
69 540 0
462 172 1
533 683 1
363 297 1
770 786 1
860 653 1
505 834 1
229 596 0
12 213 0
611 494 1
946 735 1
159 286 0
125 311 0
207 48 0
405 87 1
898 82 1
358 958 1
713 315 1
396 471 1
910 421 1
122 392 0
547 499 1
819 171 1
770 912 1
50 135 0
213 559 0
336 328 1
553 422 1
774 183 1
352 361 1
631 749 1
992 308 1
234 630 0
713 933 1
724 286 1
784 559 1
142 448 0
884 279 1
141 555 0
730 501 1
953 548 1
202 191 0
823 903 1
319 47 0
327 402 1
799 503 1
86 944 0
924 398 1
592 415 1
631 262 1
813 725 1
89 513 0
173 14 0
201 377 0
353 521 1
234 647 0
299 853 1
859 401 1
254 564 0
678 731 1
535 870 1
790 239 1
33 529 0
126 407 0
883 967 1
224 725 0
725 458 1
592 74 1
231 938 1
994 245 1
767 885 1
293 397 0
914 896 1
276 759 1
167 337 0
211 355 0
42 849 0
243 871 1
541 45 1
886 24 1
20 275 0
430 886 1
746 676 1
470 20 1
373 518 1
757 84 1
377 87 0
250 682 0
625 551 1
567 824 1
273 683 1
640 874 1
429 227 1
517 463 1
566 689 1
126 513 0
605 407 1
837 493 1
497 792 1
752 772 1
36 494 0
297 737 1
401 906 1
523 213 1
602 738 1
206 933 0
811 512 1
536 993 1
457 352 1
906 536 1
561 903 1
730 693 1
998 930 1
500 121 1
177 900 0
920 208 1
819 853 1
41 316 0
582 60 1
146 663 0
769 383 1
967 830 1
316 207 0
452 251 1
24 932 0
380 744 1
96 103 0
927 454 1
715 535 1
636 916 1
468 479 1
200 140 0
234 945 1
832 40 1
754 180 1
613 643 1
810 825 1
982 641 1
271 142 0
986 13 1
327 501 1
63 12 0
8 30 0
224 306 0
650 348 1
672 934 1
565 863 1
17 954 0
903 424 1
713 811 1
192 667 0
522 952 1
247 155 0
411 703 1
158 218 0
261 874 1
729 951 1
942 652 1
560 233 1
386 466 1
645 428 1
158 579 0
871 955 1
133 904 0
722 501 1
193 994 0
219 926 1
524 620 1
110 3 0
228 734 0
402 888 1
342 978 1
836 631 1
326 954 1
127 180 0
970 974 1
876 963 1
51 633 0
816 699 1
960 569 1
475 10 1
512 936 1
586 479 1
67 230 0
679 268 1
615 860 1
708 198 1
69 738 0
279 514 0
534 748 1
899 499 1
910 352 1
581 656 1
850 396 1
337 806 1
545 971 1
411 797 1
386 698 1
126 455 0
440 30 1
811 280 1
477 977 1
297 323 0
824 471 1
703 924 1
322 433 1
104 845 0
652 292 1
617 801 1
102 409 0
496 233 1
733 854 1
270 923 1
741 513 1
169 965 0
626 333 1
359 918 1
558 970 1
533 114 1
713 447 1
464 342 1
557 986 1
246 899 1
338 884 1
348 550 1
774 284 1
737 914 1
10 619 0
273 179 0
944 464 1
236 848 1
449 687 1
154 151 0
688 280 1
444 143 1
688 840 1
534 761 1
615 444 1
874 995 1
545 876 1
369 871 1
979 133 1
299 253 0
514 420 1
568 428 1
7 894 0
494 300 1
521 354 1
86 540 0
624 308 1
641 756 1
81 95 0
110 126 0
34 350 0
356 876 1
70 467 0
553 703 1
571 84 1
267 856 1
724 929 1
630 248 1
295 22 0
487 884 1
494 549 1
761 166 1
20 185 0
128 629 0
75 203 0
433 324 1
888 680 1
185 76 0
270 143 0
944 792 1
108 408 0
764 37 1
333 246 0
121 407 0
211 299 0
634 416 1
111 984 0
236 506 0
0 368 0
509 324 1
591 386 1
312 253 0
413 743 1
294 436 0
448 39 1
967 733 1
665 734 1
795 556 1
785 481 1
704 644 1
373 973 1
994 228 1
559 187 1
341 753 1
849 603 1
85 358 0
111 696 0
857 449 1
364 544 1
902 245 1
797 344 1
483 684 1
23 866 0
235 128 0
992 494 1
317 272 0
785 386 1
806 314 1
619 108 1
86 69 0
318 722 1
355 264 1
915 15 1
916 785 1
616 133 1
368 515 1
384 234 1
165 291 0
719 694 1
451 180 1
732 288 1
403 93 1
484 491 1
292 854 1
118 510 0
637 289 1
40 796 0
402 166 1
254 976 1
723 731 1
491 416 1
572 873 1
700 847 1
718 294 1
449 711 1
84 357 0
216 575 0
599 134 1
187 87 0
239 615 0
189 649 0
392 561 1
558 132 1
676 354 1
946 288 1
249 686 0
343 944 1
313 599 1
242 786 0
417 321 1
350 617 1
464 291 1
332 987 1
374 693 1
419 283 1
838 731 1
820 730 1
623 424 1
469 616 1
676 361 1
894 971 1
762 873 1
861 172 1
228 280 0
663 667 1
488 386 1
631 525 1
173 116 0
70 460 0
137 212 0
633 682 1
303 366 0
213 662 0
213 838 0
184 910 0
19 46 0
32 5 0
98 299 0
623 695 1
728 594 1
965 189 1
818 566 1
80 271 0
255 244 0
615 273 1
289 454 0
818 788 1
754 750 1
438 583 1
962 645 1
791 987 1
412 182 1
199 883 0
129 288 0
388 950 1
455 731 1
237 251 0
496 373 1
921 308 1
569 887 1
620 245 1
744 506 1
91 133 0
873 99 1
892 682 1
986 978 1
545 527 1
11 47 0
439 582 1
949 73 1
617 895 1
758 937 1
458 599 1
684 327 1
547 714 1
781 839 1
158 594 0
396 90 1
786 632 1
825 909 1
57 800 0
696 106 1
461 644 1
679 514 1
218 436 0
257 958 1
740 162 1
693 683 1
838 509 1
327 200 0
608 782 1
512 11 1
842 961 1
48 703 0
519 657 1
955 133 1
56 315 0
852 227 1
522 475 1
638 157 1
82 426 0
459 544 1
665 180 1
32 973 0
217 0 0
186 474 0
964 717 1
120 217 0
627 84 1
305 57 0
756 333 1
747 737 1
517 822 1
206 694 0
7 113 0
14 846 0
226 377 0
964 527 1
11 768 0
802 271 1
10 94 0
709 476 1
3 933 0
630 716 1
785 643 1
908 349 1
355 561 1
560 131 1
230 84 0
229 192 0
420 378 1
776 359 1
497 563 1
195 557 0
595 709 1
841 566 1
208 600 0
234 706 0
824 435 1
315 10 0
557 755 1
40 843 0
605 256 1
625 983 1
108 779 0
408 350 1
546 951 1
574 487 1
322 229 0
809 663 1
647 788 1
868 57 1
924 938 1
22 863 0
774 814 1
406 390 1
980 639 1
82 264 0
252 318 0
823 907 1
952 525 1
640 293 1
112 347 0
964 153 1
62 515 0
613 749 1
269 806 1
580 973 1
996 499 1
623 55 1
862 329 1
466 743 1
390 932 1
327 513 1
13 815 0
718 538 1
510 699 1
199 644 0
560 232 1
537 26 1
284 294 0
701 653 1
628 68 1
263 21 0
136 34 0
69 706 0
523 590 1
891 106 1
103 175 0
151 200 0
75 897 0
375 478 1
343 530 1
787 455 1
440 598 1
434 145 1
473 422 1
286 272 0
389 845 1
428 958 1
129 588 0
412 648 1
259 342 0
69 481 0
764 946 1
141 490 0
86 928 0
435 623 1
986 986 1
166 593 0
911 278 1
761 45 1
658 897 1
751 259 1
888 301 1
959 802 1
590 463 1
80 915 0
626 839 1
672 396 1
885 169 1
683 765 1
134 342 0
967 374 1
919 942 1
876 55 1
857 308 1
394 883 1
468 423 1
392 776 1
543 401 1
286 160 0
762 713 1
570 715 1
102 322 0
605 729 1
46 68 0
500 604 1
212 722 0
586 216 1
824 134 1
529 733 1
116 646 0
683 78 1
115 894 0
383 822 1
998 288 1
79 196 0
875 682 1
979 104 1
308 94 0
87 276 0
276 294 0
656 581 1
674 600 1
342 191 0
662 400 1
192 119 0
323 725 1
549 942 1
800 277 1
439 628 1
513 634 1
956 716 1
543 75 1
856 848 1
93 691 0
386 583 1
117 701 0
507 375 1
179 485 0
877 733 1
30 702 0
344 443 1
865 366 1
474 826 1
45 418 0
688 611 1
87 459 0
715 895 1
727 56 1
896 972 1
985 647 1
692 520 1
850 291 1
122 703 0
618 603 1
354 398 1
338 436 1
925 768 1
451 531 1
885 263 1
458 244 1
251 399 0
824 933 1
582 123 1
736 895 1
961 510 1
505 369 1
641 125 1
412 815 1
645 560 1
539 872 1
656 959 1
271 528 0
954 511 1
792 424 1
440 618 1
408 885 1
30 427 0
26 637 0
983 483 1
787 636 1
931 936 1
841 593 1
976 184 1
474 533 1
130 284 0
552 592 1
346 391 1
62 815 0
244 916 1
901 447 1
695 741 1
145 205 0
197 587 0
544 810 1
331 360 1
609 314 1
896 794 1
391 951 1
858 78 1
205 639 0
321 934 1
224 359 0
911 229 1
64 205 0
686 961 1
496 496 1
678 123 1
830 239 1
903 457 1
847 57 1
334 676 1
605 194 1
165 15 0
662 129 1
324 380 0
211 839 0
895 486 1
966 703 1
763 802 1
117 133 0
624 212 1
27 103 0
855 59 1
999 44 1
675 592 1
341 39 0
327 256 0
58 555 0
627 429 1
41 125 0
378 702 1
143 598 0
660 341 1
405 946 1
518 856 1
224 794 0
806 118 1
810 937 1
981 312 1
953 459 1
39 375 0
424 629 1
113 820 0
892 505 1
923 966 1
921 103 1
240 303 0
488 537 1
214 652 0
744 789 1
35 48 0
21 662 0
420 241 1
774 138 1
359 779 1
569 272 1
838 948 1
777 46 1
838 106 1
486 330 1
966 45 1
693 347 1
231 944 1
33 500 0
550 973 1
612 112 1
737 818 1
552 799 1
714 937 1
324 12 0
984 668 1
38 304 0
763 695 1
399 458 1
369 627 1
30 880 0
286 665 1
107 809 0
805 502 1
504 776 1
136 714 0
902 505 1
690 145 1
843 442 1
692 968 1
819 566 1
89 672 0
34 898 0
584 800 1
869 557 1
708 542 1
940 493 1
706 675 1
486 762 1
229 837 0
880 978 1
933 919 1
96 18 0
960 681 1
777 384 1
399 567 1
154 388 0
577 651 1
803 320 1
598 371 1
359 610 1
914 175 1
821 947 1
855 743 1
313 39 0
398 408 1
890 91 1
883 862 1
579 633 1
731 759 1
772 630 1
280 434 0
970 385 1
852 313 1
681 565 1
777 628 1
881 482 1
46 648 0
482 953 1
8 516 0
673 381 1
308 152 0
172 174 0
351 951 1
442 962 1
705 786 1
754 846 1
134 178 0
963 860 1
549 408 1
534 85 1
125 656 0
264 127 0
632 150 1
497 683 1
764 468 1
66 377 0
659 105 1
624 219 1
18 458 0
272 663 1
256 512 0
936 90 1
131 702 0
813 439 1
649 913 1
628 915 1
740 230 1
383 61 0
153 331 0
826 828 1
45 942 0
76 500 0
117 293 0
415 681 1
741 561 1
434 84 1
867 675 1
898 329 1
431 27 1
229 345 0
498 735 1
424 716 1
87 198 0
119 295 0
43 333 0
974 697 1
941 881 1
410 748 1
707 357 1
187 157 0
862 202 1
332 624 1
330 536 1
464 240 1
871 57 1
601 524 1
212 406 0
796 224 1
976 942 1
552 254 1
715 938 1
214 850 0
879 756 1
795 373 1
860 450 1
919 730 1
477 259 1
171 319 0
215 775 0
884 798 1
240 785 0
770 113 1
983 290 1
177 615 0
745 395 1
906 159 1
105 353 0
352 762 1
623 176 1
241 217 0
603 879 1
978 478 1
164 545 0
697 156 1
111 283 0
811 148 1
635 445 1
408 755 1
776 788 1
133 273 0
155 126 0
720 385 1
232 123 0
546 29 1
610 702 1
167 137 0
386 998 1
837 630 1
664 106 1
429 600 1
135 325 0
585 260 1
397 102 1
512 271 1
924 53 1
855 473 1
486 997 1
760 293 1
281 671 1
676 599 1
116 339 0
888 35 1
68 866 0
976 896 1
22 355 0
884 849 1
215 580 0
316 875 1
136 178 0
516 169 1
112 703 0
88 474 0
346 885 1
177 31 0
704 968 1
763 552 1
756 227 1
970 983 1
531 145 1
450 452 1
684 506 1
278 314 0
632 562 1
265 229 0
327 434 1
509 504 1
260 42 0
976 519 1
680 962 1
392 812 1
842 830 1
940 904 1
810 26 1
945 941 1
451 765 1
645 80 1
49 835 0
229 814 0
344 928 1
29 69 0
997 874 1
69 591 0
800 280 1
337 248 0
494 53 1
226 163 0
565 348 1
474 948 1
892 484 1
888 581 1
707 832 1
699 975 1
986 249 1
941 5 1
572 147 1
24 449 0
990 111 1
214 55 0
847 268 1
864 21 1
782 553 1
769 643 1
433 943 1
338 637 1
439 703 1
359 702 1
939 298 1
103 711 0
794 681 1
375 517 1
156 67 0
772 812 1
319 655 1
961 741 1
763 219 1
751 651 1
157 412 0
482 541 1
871 551 1
834 490 1
541 593 1
211 749 0
744 882 1
978 866 1
134 795 0
914 329 1
184 847 0
486 862 1
88 659 0
0 961 0
618 953 1
246 42 0
696 692 1
41 39 0
877 440 1
770 549 1
597 23 1
756 920 1
26 740 0
528 805 1
409 506 1
11 855 0
386 776 1
458 713 1
512 594 1
985 597 1
43 128 0
626 248 1
484 178 1
422 353 1
730 148 1
680 853 1
308 153 0
799 381 1
980 400 1
166 126 0
100 821 0
328 258 0
804 466 1
745 831 1
508 373 1
931 543 1
980 990 1
102 432 0
373 568 1
717 344 1
237 60 0
603 966 1
499 467 1
31 72 0
230 440 0
820 268 1
570 496 1
863 486 1
221 929 1
660 254 1
370 412 1
231 3 0
826 113 1
151 240 0
445 722 1
193 106 0
988 105 1
906 24 1
271 994 1
288 615 1
604 425 1
911 774 1
807 6 1
563 532 1
873 27 1
557 605 1
28 135 0
782 133 1
471 655 1
765 86 1
676 481 1
90 15 0
129 92 0
666 824 1
993 221 1
174 814 0
58 597 0
512 716 1
645 334 1
930 410 1
918 804 1
425 383 1
390 420 1
726 531 1
727 609 1
136 841 0
317 551 1
655 770 1
165 159 0
93 454 0
616 194 1
547 259 1
244 823 1
174 785 0
922 74 1
111 366 0
184 199 0
778 43 1
262 487 0
306 70 0
661 567 1
264 442 0
477 952 1
916 884 1
273 871 1
513 946 1
825 315 1
362 524 1
220 285 0
935 534 1
112 356 0
978 797 1
680 633 1
346 361 1
354 722 1
332 589 1
312 474 1
984 903 1
413 535 1
691 169 1
639 430 1
392 473 1
524 330 1
387 463 1
809 441 1
5 283 0
902 80 1
694 404 1
380 981 1
65 581 0
865 953 1
762 924 1
309 904 1
929 236 1
24 69 0
341 676 1
311 522 1
923 577 1
148 4 0
280 103 0
98 725 0
623 190 1
232 973 1
274 63 0
776 415 1
874 853 1
152 656 0
895 786 1
881 320 1
912 790 1
61 385 0
754 621 1
79 292 0
651 938 1
312 992 1
521 640 1
582 508 1
589 974 1
288 955 1
625 919 1
699 633 1
808 451 1
980 610 1
679 991 1
762 860 1
237 494 0
537 96 1
75 775 0
863 948 1
659 168 1
289 402 0
717 23 1
458 813 1
977 803 1
960 333 1
580 204 1
912 964 1
891 278 1
856 492 1
633 537 1
492 103 1
432 509 1
842 379 1
669 831 1
132 491 0
796 149 1
820 542 1
767 644 1
556 280 1
522 839 1
246 295 0
422 273 1
972 853 1
332 156 0
940 909 1
879 23 1
611 361 1
911 794 1
72 321 0
824 242 1
835 78 1
467 404 1
758 367 1
389 622 1
419 891 1
178 949 0
123 237 0
389 372 1
857 221 1
523 400 1
46 378 0
789 926 1
245 958 1
64 81 0
63 340 0
688 32 1
356 512 1
461 0 1
45 116 0
511 186 1
29 941 0
358 69 0
366 396 1
675 617 1
871 211 1
333 183 0
217 744 0
748 215 1
593 25 1
267 759 1
625 160 1
958 80 1
982 359 1
338 490 1
514 635 1
26 654 0
669 773 1
345 732 1
833 303 1
415 706 1
311 806 1
209 174 0
386 538 1
522 818 1
803 289 1
320 169 0
495 864 1
788 377 1
403 199 1
867 388 1
33 894 0
411 511 1
442 754 1
386 256 1
700 552 1
159 846 0
406 829 1
572 976 1
622 778 1
754 438 1
745 374 1
814 811 1
487 509 1
449 753 1
716 499 1
8 681 0
474 200 1
706 86 1
926 20 1
949 91 1
157 383 0
334 408 1
28 823 0
18 838 0
448 715 1
54 214 0
178 102 0
920 955 1
354 800 1
224 580 0
459 621 1
953 872 1
15 596 0
360 321 1
474 459 1
670 829 1
60 587 0
197 803 0
670 309 1
819 157 1
756 12 1
222 729 0
809 297 1
105 171 0
853 347 1
38 949 0
164 458 0
712 65 1
279 953 1
436 147 1
662 464 1
469 369 1
38 224 0
770 77 1
191 921 0
219 263 0
788 871 1
66 868 0
752 596 1
272 264 0
526 972 1
331 810 1
923 194 1
755 578 1
795 253 1
688 947 1
377 923 1
338 747 1
562 654 1
274 735 1
838 920 1
43 993 0
711 603 1
349 22 0
880 760 1
830 114 1
676 590 1
666 599 1
481 696 1
196 597 0
304 563 1
986 626 1
59 980 0
311 122 0
463 389 1
538 284 1
29 592 0
94 545 0
269 130 0
340 142 0
563 995 1
188 940 0
58 160 0
576 828 1
343 42 0
37 358 0
387 206 1
624 771 1
572 37 1
111 431 0
418 264 1
907 996 1
414 20 1
858 118 1
18 941 0
480 137 1
316 769 1
170 462 0
776 191 1
152 145 0
405 662 1
962 376 1
925 611 1
972 416 1
235 515 0
963 187 1
880 416 1
131 401 0
695 734 1
7 846 0
642 977 1
661 121 1
826 640 1
865 476 1
882 329 1
861 382 1
602 623 1
171 195 0
902 371 1
5 900 0
486 870 1
95 957 0
980 587 1
749 997 1
727 745 1
209 500 0
850 968 1
623 11 1
887 583 1
394 343 1
193 494 0
117 53 0
73 537 0
780 184 1
26 975 0
188 319 0
701 359 1
407 989 1
869 238 1
458 683 1
381 451 1
724 495 1
363 702 1
957 967 1
716 323 1
106 883 0
799 102 1
72 848 0
352 594 1
262 862 1
690 745 1
229 87 0
645 64 1
816 496 1
35 985 0
964 418 1
679 933 1
321 665 1
469 746 1
226 187 0
179 173 0
704 186 1
797 836 1
162 582 0
74 231 0
442 263 1
765 460 1
190 85 0
82 669 0
783 111 1
61 845 0
836 597 1
698 113 1
977 331 1
675 97 1
697 538 1
395 873 1
790 823 1
712 493 1
880 124 1
698 926 1
538 829 1
721 166 1
467 909 1
16 488 0
505 995 1
351 804 1
833 656 1
743 309 1
889 160 1
928 284 1
189 548 0
248 937 1
340 977 1
143 398 0
295 799 1
761 622 1
763 349 1
586 688 1
129 719 0
83 248 0
296 105 0
306 198 0
230 396 0
292 657 1
282 295 0
930 405 1
534 239 1
288 998 1
603 979 1
104 879 0
799 764 1
134 278 0
968 420 1
229 321 0
121 183 0
593 131 1
633 125 1
465 414 1
623 531 1
207 915 0
519 281 1
22 607 0
144 303 0
525 662 1
925 756 1
578 313 1
607 848 1
813 53 1
840 956 1
483 226 1
833 21 1
701 563 1
382 555 1
92 400 0
737 955 1
718 148 1
9 276 0
164 510 0
205 139 0
618 365 1
3 686 0
774 233 1
481 378 1
724 612 1
152 220 0
595 5 1
530 643 1
242 258 0
701 462 1
733 501 1
700 240 1
673 788 1
422 37 1
486 73 1
969 222 1
964 731 1
62 369 0
595 11 1
200 465 0
42 70 0
556 905 1
511 974 1
143 389 0
694 23 1
115 389 0
215 104 0
331 846 1
562 580 1
696 207 1
925 391 1
672 330 1
175 940 0
453 803 1
812 597 1
270 270 0
540 59 1
443 733 1
489 628 1
930 862 1
793 806 1
272 928 1
620 603 1
892 563 1
805 894 1
355 371 1
447 951 1
558 119 1
452 592 1
186 472 0
442 828 1
363 743 1
451 422 1
334 108 0
549 795 1
492 864 1
296 506 0
870 447 1
697 181 1
849 668 1
815 934 1
618 409 1
345 813 1
520 536 1
352 579 1
885 843 1
837 810 1
5 330 0
348 42 0
334 288 0
252 980 1
660 424 1
377 33 0
261 483 0
246 904 1
105 312 0
325 307 0
815 630 1
123 240 0
849 592 1
456 464 1
663 776 1
978 855 1
996 154 1
549 297 1
140 601 0
312 403 0
739 430 1
181 126 0
233 291 0
954 637 1
233 625 0
492 485 1
604 187 1
465 273 1
602 972 1
421 857 1
432 344 1
476 491 1
70 173 0
537 642 1
83 196 0
540 230 1
621 349 1
16 419 0
466 56 1
181 271 0
187 42 0
260 639 0
482 285 1
776 738 1
84 4 0
934 302 1
134 555 0
780 41 1
293 808 1
904 821 1
742 824 1
617 492 1
255 560 0
685 265 1
164 267 0
217 774 0
14 357 0
505 354 1
105 669 0
815 201 1
935 460 1
58 161 0
396 499 1
94 259 0
699 537 1
309 214 0
592 160 1
207 195 0
985 764 1
470 814 1
361 741 1
484 547 1
41 998 0
438 723 1
906 900 1
906 365 1
338 722 1
478 8 1
117 390 0
497 545 1
664 976 1
958 798 1
213 155 0
891 125 1
252 15 0
262 844 1
407 823 1
202 608 0
58 20 0
787 317 1
511 911 1
232 402 0
842 783 1
128 24 0
474 30 1
777 215 1
521 918 1
109 258 0
543 929 1
445 842 1
153 826 0
323 841 1
125 231 0
4 87 0
990 326 1
238 540 0
458 354 1
709 735 1
287 600 1
727 895 1
858 176 1
460 343 1
911 854 1
84 704 0
686 692 1
938 363 1
369 891 1
209 845 0
150 71 0
23 534 0
551 610 1
661 857 1
718 231 1
942 753 1
355 297 1
705 715 1
232 317 0
562 668 1
371 464 1
314 537 1
770 208 1
171 47 0
959 894 1
323 539 1
934 507 1
917 553 1
392 521 1
585 404 1
515 307 1
770 976 1
225 714 0
16 394 0
423 368 1
534 72 1
661 579 1
894 929 1
357 285 1
947 152 1
504 919 1
626 92 1
938 596 1
368 240 1
237 549 0
464 475 1
946 810 1
881 151 1
851 797 1
358 70 0
828 768 1
921 115 1
333 118 0
164 444 0
897 812 1
666 608 1
133 956 0
977 267 1
492 778 1
525 949 1
504 136 1
197 390 0
906 921 1
20 802 0
340 349 1
278 22 0
54 487 0
229 143 0
34 497 0
804 274 1
743 817 1
761 456 1
895 8 1
635 269 1
835 528 1
914 870 1
913 509 1
421 241 1
806 538 1
272 709 1
957 617 1
676 587 1
983 451 1
491 464 1
47 9 0
950 620 1
209 76 0
459 501 1
7 295 0
388 855 1
824 669 1
297 917 1
594 732 1
81 15 0
603 834 1
930 835 1
231 234 0
200 587 0
761 867 1
53 84 0
576 679 1
836 688 1
185 739 0
382 639 1
457 50 1
843 197 1
830 846 1
997 444 1
164 491 0
761 601 1
617 101 1
447 198 1
687 1 1
44 754 0
211 967 1
54 515 0
261 91 0
444 823 1
792 511 1
470 388 1
474 420 1
348 998 1
302 657 1
166 269 0
309 86 0
285 169 0
664 372 1
965 174 1
679 26 1
626 658 1
176 656 0
122 147 0
436 688 1
685 267 1
604 850 1
742 101 1
362 961 1
63 359 0
506 948 1
529 519 1
350 160 0
95 434 0
976 334 1
929 751 1
844 704 1
676 645 1
286 575 1
771 687 1
628 39 1
589 47 1
904 712 1
393 378 1
194 231 0
678 909 1
943 765 1
69 786 0
288 641 1
889 295 1
427 25 1
284 218 0
668 47 1
209 271 0
649 70 1
12 163 0
787 593 1
23 494 0
504 328 1
709 163 1
873 982 1
272 674 1
943 464 1
173 106 0
851 415 1
36 355 0
569 813 1
751 802 1
662 861 1
892 748 1
970 573 1
662 996 1
763 387 1
427 887 1
608 514 1
335 35 0
52 447 0
818 217 1
935 493 1
743 250 1
22 214 0
255 821 1
949 165 1
687 738 1
656 270 1
314 891 1
596 892 1
869 639 1
510 241 1
63 733 0
229 17 0
353 195 0
425 228 1
833 520 1
886 317 1
753 834 1
554 228 1
70 275 0
247 697 0
31 287 0
703 90 1
641 61 1
984 916 1
337 280 0
542 920 1
291 162 0
655 400 1
707 635 1
870 277 1
671 120 1
428 15 1
770 741 1
976 946 1
525 838 1
700 13 1
820 195 1
96 550 0
173 627 0
99 223 0
763 114 1
115 769 0
364 972 1
467 955 1
456 7 1
964 483 1
960 10 1
151 35 0
930 365 1
590 714 1
680 201 1
336 826 1
803 88 1
1 857 0
289 420 0
233 101 0
979 679 1
654 319 1
235 779 0
609 159 1
357 678 1
360 344 1
689 779 1
572 609 1
869 170 1
947 512 1
365 36 0
506 864 1
622 316 1
202 114 0
289 693 1
754 482 1
298 761 1
920 371 1
894 816 1
4 158 0
280 478 0
522 250 1
432 517 1
289 322 0
118 62 0
325 466 1
716 295 1
211 64 0
86 731 0
458 84 1
637 92 1
280 285 0
574 362 1
406 47 1
718 851 1
229 791 0
960 643 1
334 855 1
219 969 1
798 352 1
443 77 1
681 569 1
966 878 1
740 551 1
24 913 0
976 296 1
87 119 0
772 661 1
463 240 1
480 317 1
339 732 1
731 649 1
573 442 1
57 48 0
558 445 1
496 861 1
654 897 1
602 133 1
20 182 0
104 896 0
213 330 0
492 11 1
209 611 0
68 665 0
393 505 1
766 496 1
540 68 1
102 666 0
655 1 1
163 27 0
89 982 0
356 54 0
366 664 1
737 462 1
288 35 0
767 169 1
903 951 1
475 520 1
817 713 1
323 820 1
744 798 1
259 218 0
661 537 1
897 747 1
838 820 1
529 961 1
396 260 1
776 388 1
216 625 0
223 247 0
294 501 0
183 269 0
406 785 1
930 305 1
773 862 1
895 105 1
726 517 1
678 376 1
29 316 0
515 932 1
933 471 1
485 760 1
452 773 1
105 451 0
36 88 0
599 182 1
556 67 1
634 44 1
281 875 1
331 535 1
709 272 1
138 844 0
477 625 1
561 542 1
909 150 1
614 594 1
839 5 1
241 433 0
217 755 0
349 996 1
492 192 1
698 305 1
227 711 0
861 691 1
597 227 1
152 420 0
122 421 0
637 9 1
856 517 1
600 355 1
471 541 1
593 171 1
777 529 1
161 555 0
876 358 1
544 638 1
664 1 1
44 563 0
13 348 0
11 949 0
773 179 1
523 904 1
378 47 0
357 437 1
455 455 1
705 382 1
279 575 0
613 936 1
371 496 1
415 319 1
222 584 0
314 707 1
100 404 0
225 95 0
862 151 1
365 571 1
509 716 1
491 211 1
103 142 0
224 449 0
301 66 0
316 955 1
797 868 1
675 303 1
45 167 0
484 694 1
685 469 1
99 764 0
816 341 1
756 742 1
911 256 1
387 580 1
289 225 0
398 736 1
473 452 1
628 383 1
785 417 1
450 474 1
421 151 1
248 161 0
267 781 1
31 181 0
505 29 1
561 278 1
757 840 1
935 278 1
221 342 0
556 818 1
977 187 1
873 788 1
895 989 1
357 539 1
285 140 0
982 689 1
519 973 1
945 751 1
111 903 0
637 658 1
548 448 1
663 962 1
212 370 0
184 862 0
760 595 1
512 270 1
985 318 1
938 673 1
583 28 1
453 35 1
996 141 1
675 457 1
2 44 0
752 575 1
663 472 1
903 836 1
271 29 0
929 269 1
695 17 1
379 215 1
177 544 0
994 683 1
527 645 1
720 633 1
535 130 1
491 65 1
477 359 1
432 457 1
910 697 1
309 840 1
752 38 1
403 800 1
323 398 1
376 547 1
767 965 1
666 22 1
826 280 1
86 962 0
459 26 1
286 125 0
391 652 1
791 76 1
392 107 1
305 398 0
514 988 1
740 939 1
512 688 1
18 156 0
303 454 0
621 357 1
334 807 1
269 48 0
576 559 1
256 857 1
196 611 0
86 956 0
701 270 1
50 354 0
969 464 1
726 183 1
444 917 1
530 462 1
284 166 0
119 271 0
146 584 0
668 447 1
885 159 1
785 487 1
878 268 1
704 429 1
209 748 0
511 755 1
74 2 0
903 515 1
660 249 1
486 554 1
332 282 0
965 249 1
342 687 1
119 112 0
674 625 1
864 895 1
199 101 0
465 27 1
609 791 1
504 810 1
612 821 1
61 305 0
735 237 1
907 409 1
508 47 1
952 709 1
477 661 1
604 975 1
954 933 1
888 188 1
771 81 1
539 896 1
3 928 0
988 139 1
182 736 0
49 739 0
324 541 1
633 213 1
961 267 1
453 938 1
727 810 1
14 389 0
26 26 0
323 768 1
275 753 1
532 76 1
718 94 1
816 729 1
89 723 0
216 90 0
431 550 1
301 391 0
317 169 0
412 431 1
926 822 1
104 277 0
979 524 1
280 938 1
182 480 0
391 367 1
572 43 1
33 62 0
162 673 0
99 369 0
386 236 1
447 180 1
754 513 1
333 983 1
442 187 1
890 126 1
432 111 1
855 11 1
867 440 1
8 841 0
920 625 1
109 310 0
284 328 0
255 365 0
240 667 0
734 264 1
494 595 1
647 694 1
39 607 0
680 672 1
342 906 1
480 394 1
35 864 0
826 679 1
133 368 0
265 224 0
735 63 1
494 660 1
405 522 1
810 467 1
335 4 0
352 774 1
170 319 0
177 89 0
851 763 1
987 236 1
944 517 1
260 328 0
73 881 0
872 230 1
56 550 0
842 839 1
899 521 1
518 768 1
711 396 1
290 41 0
987 675 1
380 769 1
270 156 0
503 891 1
390 997 1
459 40 1
34 84 0
322 924 1
76 585 0
626 886 1
571 582 1
393 12 0
748 106 1
392 567 1
308 222 0
361 966 1
445 976 1
234 887 1
655 231 1
398 824 1
722 912 1
610 783 1
410 979 1
234 348 0
81 74 0
464 921 1
578 918 1
319 69 0
475 193 1
405 903 1
24 118 0
223 959 1
360 503 1
685 949 1
550 20 1
132 657 0
773 83 1
813 543 1
127 255 0
115 34 0
339 183 0
898 843 1
976 428 1
888 733 1
956 433 1
814 402 1
117 581 0
926 281 1
131 399 0
899 43 1
853 629 1
148 276 0
603 828 1
155 586 0
314 464 1
831 145 1
915 46 1
891 492 1
884 536 1
96 991 0
88 400 0
285 371 0
834 712 1
60 64 0
384 360 1
657 756 1
918 899 1
728 476 1
434 850 1
86 486 0
75 415 0
792 875 1
678 662 1
601 546 1
592 407 1
762 942 1
147 359 0
377 234 1
285 633 1
298 718 1
105 890 0
251 75 0
277 818 1
150 976 0
964 259 1
375 4 0
977 373 1
873 94 1
199 971 0
53 935 0
696 717 1
364 106 0
671 669 1
592 5 1
158 593 0
309 941 1
917 309 1
547 448 1
829 760 1
823 163 1
442 473 1
862 275 1
617 200 1
942 853 1
29 923 0
231 670 0
959 481 1
116 714 0
353 312 1
459 295 1
767 267 1
532 836 1
993 23 1
736 499 1
986 34 1
924 46 1
10 503 0
514 763 1
767 939 1
504 221 1
878 60 1
99 576 0
365 447 1
774 470 1
462 46 1
182 352 0
926 750 1
312 609 1
124 536 0
254 910 1
273 248 0
17 946 0
821 112 1
279 511 0
611 334 1
956 984 1
194 100 0
47 441 0
890 557 1
693 281 1
278 699 1
331 639 1
162 735 0
904 376 1
425 728 1
375 956 1
883 993 1
155 402 0
422 349 1
247 175 0
550 800 1
960 686 1
620 18 1
266 73 0
474 982 1
612 465 1
54 81 0
87 449 0
752 386 1
831 570 1
187 877 0
991 211 1
697 343 1
979 796 1
911 973 1
602 336 1
104 326 0
422 509 1
868 145 1
543 764 1
705 210 1
680 927 1
987 28 1
537 48 1
100 408 0
118 431 0
376 941 1
52 899 0
253 673 0
301 212 0
358 248 1
880 609 1
386 821 1
591 521 1
468 756 1
985 672 1
702 711 1
226 811 0
716 78 1
521 860 1
939 796 1
878 110 1
273 592 0
196 421 0
175 284 0
676 5 1
999 616 1
33 26 0
660 411 1
769 749 1
920 671 1
171 602 0
714 663 1
758 127 1
838 271 1
526 187 1
875 790 1
766 864 1
760 503 1
46 530 0
561 359 1
462 600 1
700 753 1
783 211 1
485 162 1
131 617 0
743 355 1
225 707 0
922 247 1
707 838 1
943 583 1
136 958 0
748 507 1
798 845 1
750 390 1
688 674 1
825 725 1
869 13 1
186 504 0
786 837 1
934 755 1
164 220 0
915 29 1
318 595 1
945 11 1
406 941 1
669 484 1
528 18 1
340 774 1
30 991 0
264 308 0
822 993 1
496 932 1
494 595 1
548 193 1
89 871 0
403 601 1
215 954 1
202 275 0
94 347 0
562 789 1
809 997 1
274 130 0
524 453 1
905 654 1
604 516 1
651 702 1
86 481 0
478 155 1
850 492 1
509 814 1
397 100 1
496 893 1
657 990 1
897 654 1
525 942 1
128 703 0
450 654 1
231 678 0
687 448 1
37 151 0
649 494 1
448 706 1
64 806 0
262 407 0
373 340 1
970 604 1
633 446 1
494 106 1
158 92 0
436 822 1
687 601 1
210 718 0
131 629 0
343 235 0
975 178 1
368 622 1
559 42 1
393 206 1
462 292 1
598 565 1
429 670 1
317 490 1
299 564 1
908 431 1
577 292 1
420 649 1
965 526 1
924 269 1
866 669 1
873 933 1
440 243 1
593 369 1
120 600 0
76 148 0
963 557 1
124 725 0
805 545 1
1 915 0
146 227 0
611 656 1
964 902 1
526 852 1
184 567 0
474 454 1
542 983 1
197 636 0
479 122 1
338 925 1
10 812 0
739 604 1
258 314 0
450 358 1
179 913 0
890 550 1
633 993 1
51 987 0
176 382 0
817 619 1
163 286 0
409 293 1
835 647 1
476 769 1
144 183 0
350 539 1
159 500 0
716 90 1
752 834 1
202 794 0
97 189 0
884 374 1
697 661 1
52 310 0
607 553 1
944 743 1
199 936 0
81 555 0
856 480 1
847 788 1
984 708 1
523 340 1
469 239 1
18 641 0
446 568 1
520 516 1
919 554 1
309 641 1
317 9 0
693 393 1
528 653 1
739 761 1
973 849 1
805 646 1
39 898 0
637 763 1
961 469 1
256 701 0
406 26 1
572 137 1
493 422 1
514 775 1
268 479 0
572 227 1
385 319 1
767 533 1
546 749 1
710 597 1
381 738 1
240 71 0
763 231 1
87 607 0
897 329 1
647 293 1
946 554 1
588 384 1
936 208 1
182 16 0
457 972 1
586 846 1
367 188 1
325 139 0
670 990 1
925 202 1
798 401 1
461 959 1
217 25 0
107 417 0
985 382 1
6 326 0
390 571 1
583 449 1
112 736 0
273 626 0
411 47 1
472 656 1
281 118 0
801 762 1
496 212 1
793 708 1
258 346 0
248 150 0
1 805 0
544 461 1
843 129 1
217 489 0
536 854 1
550 746 1
241 82 0
620 495 1
576 918 1
25 737 0
459 403 1
224 65 0
0 386 0
236 580 0
67 816 0
81 356 0
965 817 1
471 277 1
623 186 1
421 75 1
727 261 1
759 384 1
686 509 1
424 892 1
313 411 0
446 952 1
623 788 1
1 232 0
449 418 1
763 273 1
339 728 1
341 884 1
786 242 1
995 415 1
667 34 1
534 800 1
246 401 0
719 257 1
387 547 1
994 164 1
280 101 0
854 683 1
751 421 1
790 317 1
922 797 1
930 890 1
956 28 1
214 425 0
787 383 1
86 299 0
221 292 0
96 814 0
587 381 1
772 401 1
978 735 1
447 742 1
312 674 1
55 950 0
254 592 0
959 42 1
946 583 1
699 351 1
461 946 1
808 415 1
488 323 1
923 723 1
690 38 1
955 398 1
83 169 0
837 92 1
72 529 0
861 973 1
275 9 0
91 405 0
946 747 1
113 531 0
744 256 1
192 562 0
364 665 1
976 451 1
400 553 1
263 472 0
951 657 1
280 864 1
398 44 1
798 210 1
226 855 0
392 262 1
419 481 1
55 708 0
318 298 0
219 483 0
595 898 1
336 81 0
390 906 1
341 288 0
557 84 1
327 574 1
213 729 0
407 135 1
384 645 1
37 345 0
80 841 0
842 28 1
713 993 1
670 780 1
614 715 1
800 292 1
816 233 1
910 803 1
135 915 0
37 890 0
282 514 0
705 681 1
933 448 1
18 519 0
803 119 1
609 168 1
175 193 0
182 991 0
675 223 1
147 437 0
202 397 0
722 604 1
844 13 1
474 136 1
666 363 1
646 54 1
700 586 1
783 80 1
274 79 0
149 181 0
402 869 1
563 550 1
941 743 1
542 254 1
181 598 0
808 901 1
756 839 1
53 819 0
937 244 1
707 185 1
531 659 1
852 99 1
476 702 1
187 827 0
623 947 1
536 797 1
869 397 1
910 933 1
367 648 1
148 718 0
771 489 1
974 686 1
726 573 1
511 33 1
997 774 1
627 441 1
705 168 1
295 121 0
308 927 1
750 522 1
651 468 1
784 906 1
135 742 0
731 461 1
841 757 1
721 308 1
938 134 1
632 377 1
623 404 1
991 919 1
990 713 1
216 475 0
957 844 1
139 312 0
641 946 1
495 196 1
434 706 1
880 452 1
548 22 1
934 359 1
674 632 1
830 515 1
909 773 1
364 767 1
588 423 1
676 54 1
492 210 1
930 132 1
146 770 0
838 854 1
134 512 0
136 845 0
116 973 0
523 15 1
412 567 1
151 71 0
786 732 1
708 752 1
408 515 1
50 893 0
782 312 1
227 181 0
842 79 1
610 731 1
937 111 1
617 868 1
355 856 1
606 77 1
625 958 1
804 235 1
381 156 1
282 648 1
86 258 0
17 31 0
916 424 1
834 438 1
55 427 0
559 921 1
414 764 1
288 770 1
450 970 1
155 935 0
218 570 0
99 399 0
943 897 1
698 930 1
225 847 0
185 891 0
10 154 0
76 457 0
914 330 1
871 15 1
435 175 1
693 420 1
492 161 1
381 632 1
331 667 1
980 688 1
662 469 1
129 628 0
424 272 1
906 399 1
455 906 1
9 749 0
747 776 1
42 31 0
612 856 1
330 834 1
905 166 1
199 436 0
270 781 1
786 800 1
748 916 1
64 958 0
63 918 0
114 931 0
661 551 1
521 424 1
312 336 0
670 470 1
637 711 1
555 277 1
673 178 1
178 243 0
986 660 1
713 376 1
459 765 1
366 69 0
815 418 1
132 3 0
882 137 1
981 997 1
409 460 1
20 459 0
618 498 1
973 6 1
242 266 0
327 185 0
420 997 1
227 649 0
621 793 1
39 764 0
8 243 0
333 267 0
940 361 1
176 286 0
64 978 0
280 832 1
57 288 0
102 508 0
991 337 1
879 173 1
595 108 1
204 962 0
32 243 0
952 320 1
857 88 1
332 660 1
437 546 1
26 978 0
601 336 1
670 333 1
656 671 1
331 689 1
143 735 0
847 202 1
928 697 1
418 61 1
129 573 0
174 110 0
231 994 1
579 563 1
832 755 1
869 510 1
288 756 1
575 772 1
45 156 0
5 151 0
184 46 0
878 625 1
435 784 1
710 560 1
241 245 0
740 204 1
772 128 1
833 317 1
956 125 1
942 785 1
558 273 1
889 949 1
184 118 0
976 431 1
414 92 1
614 713 1
250 730 0
776 184 1
47 118 0
849 944 1
368 480 1
821 998 1
730 497 1
813 660 1
522 171 1
611 927 1
7 758 0
31 35 0
2 782 0
42 691 0
797 10 1
321 9 0
881 807 1
182 713 0
119 569 0
282 710 1
37 351 0
300 880 1
432 947 1
664 628 1
772 920 1
786 781 1
0 618 0
841 434 1
667 412 1
763 972 1
710 930 1
385 168 1
106 465 0
781 806 1
534 97 1
382 41 0
801 962 1
978 749 1
165 232 0
693 463 1
715 226 1
468 688 1
394 990 1
868 33 1
44 126 0
553 630 1
496 484 1
758 140 1
282 101 0
519 371 1
205 812 0
192 479 0
932 885 1
442 155 1
873 698 1
258 315 0
152 545 0
388 108 1
68 463 0
841 514 1
462 292 1
892 200 1
157 792 0
44 447 0
646 410 1
364 838 1
388 529 1
86 646 0
179 564 0
349 735 1
638 52 1
27 714 0
794 692 1
215 576 0
217 590 0
424 348 1
333 672 1
868 145 1
106 244 0
670 502 1
616 940 1
578 985 1
571 353 1
256 655 0
890 317 1
847 398 1
338 284 0
680 857 1
359 323 1
532 532 1
435 677 1
60 746 0
398 409 1
107 612 0
351 693 1
765 994 1
322 623 1
24 896 0
393 805 1
525 717 1
998 439 1
644 775 1
975 253 1
584 215 1
170 638 0
79 532 0
114 368 0
393 44 1
80 367 0
597 693 1
601 562 1
238 834 1
883 776 1
970 552 1
129 982 0
3 432 0
369 902 1
217 413 0
181 438 0
916 952 1
730 808 1
764 338 1
628 503 1
767 35 1
450 315 1
916 685 1
797 352 1
573 179 1
916 77 1
934 542 1
215 250 0
68 279 0
11 147 0
670 229 1
405 338 1
739 663 1
793 624 1
950 386 1
833 773 1
321 734 1
311 459 1
345 855 1
569 70 1
825 7 1
786 15 1
35 417 0
330 974 1
182 791 0
654 483 1
735 714 1
270 43 0
547 931 1
419 865 1
504 136 1
351 651 1
149 89 0
887 823 1
376 215 1
126 61 0
323 775 1
95 305 0
369 155 0
528 783 1
35 929 0
183 573 0
417 397 1
604 458 1
758 193 1
519 901 1
125 793 0
171 115 0
56 141 0
636 978 1
121 791 0
56 755 0
585 628 1
907 787 1
906 270 1
918 871 1
527 137 1
442 530 1
782 53 1
655 691 1
666 429 1
387 0 0
428 917 1
44 649 0
389 108 1
667 616 1
111 905 0
573 817 1
931 687 1
213 287 0
397 46 1
399 827 1
77 598 0
898 101 1
398 174 1
974 99 1
350 164 0
721 873 1
309 407 0
171 35 0
448 927 1
273 476 0
990 955 1
667 215 1
315 892 1
133 958 0
815 389 1
939 513 1
768 178 1
670 449 1
904 190 1
477 496 1
43 292 0
636 936 1
79 361 0
709 429 1
989 731 1
81 110 0
602 200 1
699 694 1
855 924 1
359 593 1
806 830 1
913 462 1
819 559 1
420 40 1
244 944 1
183 21 0
455 204 1
156 794 0
859 320 1
559 221 1
297 762 1
311 8 0
976 53 1
912 158 1
569 683 1
332 403 1
656 131 1
989 323 1
895 65 1
605 120 1
28 920 0
128 162 0
550 748 1
706 448 1
751 388 1
971 180 1
350 237 0
651 560 1
704 373 1
366 470 1
827 835 1
662 778 1
293 42 0
59 834 0
745 682 1
599 294 1
545 730 1
951 447 1
291 495 0
79 726 0
281 734 1
439 383 1
558 644 1
241 372 0
214 262 0
808 153 1
4 929 0
281 516 0
790 675 1
727 834 1
672 769 1
170 701 0
925 347 1
662 290 1
827 821 1
407 436 1
602 967 1
400 435 1
591 988 1
275 425 0
435 866 1
958 506 1
838 578 1
841 20 1
900 7 1
850 811 1
337 951 1
829 285 1
935 598 1
83 500 0
650 316 1
604 741 1
978 898 1
237 467 0
784 472 1
716 589 1
358 683 1
726 631 1
998 204 1
843 979 1
108 19 0
622 478 1
396 720 1
533 671 1
929 409 1
459 948 1
200 994 0
813 258 1
28 171 0
75 423 0
628 124 1
620 975 1
994 872 1
857 866 1
362 854 1
9 11 0
696 955 1
715 894 1
464 213 1
258 128 0
437 301 1
759 895 1
436 834 1
324 377 0
247 286 0
890 131 1
836 865 1
578 644 1
226 62 0
491 136 1
497 579 1
391 782 1
339 219 0
965 612 1
915 689 1
934 135 1
902 649 1
133 480 0
852 126 1
498 307 1
290 483 0
403 659 1
500 513 1
769 154 1
49 176 0
165 700 0
845 882 1
721 101 1
710 391 1
118 370 0
14 195 0
242 50 0
57 181 0
68 871 0
464 141 1
169 340 0
529 27 1
291 458 0
824 237 1
128 466 0
714 745 1
726 826 1
125 727 0
491 484 1
611 884 1
117 805 0
883 922 1
774 364 1
450 244 1
696 571 1
240 615 0
30 842 0
379 351 1
185 789 0
940 944 1
121 688 0
258 240 0
680 863 1
431 625 1
280 691 1
120 715 0
446 720 1
790 757 1
58 67 0
616 317 1
796 387 1
502 546 1
524 461 1
898 589 1
980 932 1
311 115 0
643 169 1
939 893 1
458 226 1
543 273 1
819 734 1
259 920 1
20 366 0
282 522 0
944 598 1
386 278 1
964 560 1
767 815 1
705 64 1
144 992 0
935 687 1
205 575 0
526 446 1
51 538 0
116 796 0
946 271 1
287 868 1
684 86 1
133 278 0
640 405 1
858 904 1
849 928 1
458 554 1
565 115 1
595 895 1
817 706 1
87 654 0
765 711 1
152 531 0
649 942 1
958 224 1
51 397 0
350 35 0
887 521 1
948 130 1
176 86 0
410 90 1
451 265 1
225 5 0
696 701 1
537 450 1
659 451 1
448 799 1
147 628 0
692 52 1
657 148 1
581 650 1
129 957 0
440 304 1
426 544 1
45 138 0
850 47 1
879 169 1
743 17 1
591 329 1
459 459 1
18 583 0
130 559 0
524 812 1
255 745 1
450 735 1
875 319 1
850 327 1
448 690 1
772 762 1
673 414 1
514 489 1
730 585 1
45 409 0
275 923 1
145 495 0
325 784 1
501 327 1
850 906 1
615 736 1
542 336 1
823 743 1
383 585 1
297 662 1
115 750 0
591 394 1
572 376 1
105 309 0
778 2 1
900 777 1
127 274 0
282 449 0
577 779 1
727 947 1
311 210 0
429 401 1
406 513 1
374 351 1
833 398 1
449 160 1
135 250 0
172 427 0
933 350 1
923 671 1
470 502 1
711 983 1
595 202 1
932 712 1
401 272 1
19 703 0
362 221 1
491 121 1
661 142 1
517 480 1
142 887 0
575 783 1
162 871 0
44 649 0
730 735 1
177 125 0
746 262 1
952 620 1
512 226 1
960 623 1
938 148 1
67 851 0
959 279 1
854 195 1
595 213 1
320 571 1
77 718 0
366 217 1
474 40 1
961 199 1
930 851 1
478 279 1
796 213 1
596 900 1
721 555 1
745 750 1
790 493 1
702 349 1
686 755 1
613 681 1
100 140 0
912 311 1
231 956 1
38 550 0
638 175 1
108 334 0
331 507 1
192 900 0
173 996 0
273 492 0
186 635 0
431 965 1
486 61 1
160 803 0
548 875 1
714 963 1
402 511 1
16 699 0
904 439 1
357 860 1
396 491 1
46 665 0
930 199 1
336 66 0
744 621 1
791 953 1
252 462 0
357 671 1
400 553 1
334 123 0
529 415 1
569 595 1
852 775 1
81 976 0
361 142 0
97 214 0
248 879 1
897 365 1
306 433 0
533 836 1
966 311 1
519 260 1
549 144 1
162 691 0
632 215 1
514 408 1
422 781 1
973 941 1
314 367 0
541 881 1
6 60 0
418 575 1
251 349 0
263 852 1
518 681 1
510 972 1
0 41 0
130 940 0
40 210 0
64 324 0
342 253 0
117 552 0
433 963 1
813 87 1
631 787 1
676 773 1
932 81 1
672 119 1
518 537 1
386 446 1
29 470 0
658 181 1
156 264 0
218 291 0
710 184 1
819 51 1
46 557 0
897 72 1
43 877 0
90 552 0
670 103 1
595 91 1
376 375 1
136 467 0
923 782 1
49 493 0
149 84 0
127 405 0
163 332 0
266 211 0
408 909 1
850 407 1
358 256 1
157 661 0
653 573 1
731 271 1
452 411 1
826 664 1
565 779 1
166 322 0
525 269 1
709 465 1
494 416 1
987 636 1
785 113 1
484 119 1
322 118 0
55 517 0
705 571 1
440 960 1
487 830 1
711 374 1
863 725 1
22 370 0
457 689 1
286 16 0
180 733 0
372 538 1
966 434 1
931 773 1
255 284 0
9 468 0
613 772 1
792 780 1
483 500 1
206 53 0
273 632 0
964 244 1
451 819 1
281 639 1
878 955 1
690 474 1
880 238 1
710 131 1
