8.13642446099045 1.98615820684395
-5.84664031320905 0.00778000363195201
1.49195319763898 1.08090091182655
4.03630509780378 1.79436682845519
3.75935033877631 1.73433826338919
-6.45866321367443 -0.00758673641413708
-2.83246396515118 -0.0129393575095019
-8.26291486474481 -0.0133365193201089
5.10094726401469 1.94730685426745
4.25145997328308 1.82382179524267
-8.59822861715848 0.0029241365299938
8.06000068390226 1.99162390435594
-3.40357585955239 0.0113271787765218
8.76072139202925 2.00472714589658
-4.99359047666438 -0.0148533960790625
4.10153494558124 1.81379003199618
-0.643331841481469 0.0981784730536835
7.68968474626966 2.0111158641143
4.80984387851471 1.89862824609095
-7.85192203859033 -0.0102435824738223
3.36773069339024 1.61191660562181
0.182403516708618 0.462790852700632
-5.11083892774671 0.00245144205530142
7.83933977878625 1.98997740639525
-8.26308264054312 0.000712761433050191
8.48641623559296 1.9992190505794
1.00754758924303 0.895008845597183
4.60709702293165 1.90105323108873
-1.2975988333374 0.0220810214749379
2.32180807595306 1.31276408711132
2.913425102332 1.48952182153043
9.62084025578285 1.98531340909046
3.53343397393935 1.6860855970846
-8.30526573664635 0.00796594100357329
-8.86965721161083 -0.0112393881189596
7.60079575505351 1.99160811912726
-9.01661231492362 0.00354328351943734
3.00220706796686 1.50735900966106
4.96431120300691 1.92134855504233
-0.887298403727144 0.0759901146928756
5.61801288233376 1.95395741319297
-7.40864561521995 -0.00430932801071597
6.67791853435382 2.00443151275403
3.33762417061557 1.60442139398736
-7.87354115688736 0.00381177184576518
4.37776415975087 1.85372879788957
-6.87177369350955 -0.00181268745559069
1.8140075213352 1.15163895256058
6.63275513499464 1.98077516772563
3.69393516972217 1.71426358185883
0.638097852460433 0.720641727338542
9.27805413161359 2.0076706818195
5.0606112344628 1.92988315807407
-1.76973908609092 0.0206935076813269
-8.53173087253047 0.00516285988786822
-9.51755795336119 0.0022777740613405
3.76454686461678 1.73527319630568
8.74737962477091 2.00546223390123
0.980127682464982 0.891120192792157
-2.24771053727586 0.018584483437558
4.92552199719462 1.9215313381868
-2.81987034391967 0.00107474514279408
-6.57317813157213 0.00463141172208107
3.0411841662805 1.5331354560636
4.61939171421371 1.90163728556127
-2.18024424399779 -0.00682146006764614
1.28297859169074 1.00132741068201
0.379001455454997 0.574391015631974
-4.99833262545671 0.00590811413645595
8.4524179829949 2.01026702867293
8.12096419059323 1.99723269696919
-0.14285957275213 0.278358160818701
-6.28777821927876 0.0142308220155182
2.64846127234613 1.38368067565809
-1.73572074621198 0.00870718332153755
2.67571476292055 1.40157951727553
3.38873229132737 1.6392319575527
1.8383099111562 1.16458739368258
-2.20366554949031 0.0115431561062237
-1.71885960549282 0.0138817040368634
2.08781207422597 1.24554640487019
-3.62274257041896 -0.0133038364105407
-9.02448930688102 0.0105019373919883
-0.748531314757841 0.0909761245860026
-8.55206405401013 0.00915813203941948
8.49282866614736 1.99968267256856
-6.29493679776509 0.00115821327170874
7.34072000671624 1.98225520628346
3.58842349281879 1.6936215457953
6.82479701495275 1.99967715988792
1.42908529476735 1.04682143291408
4.97237884557357 1.91028229089866
-9.97610158173579 -0.0145494088377824
-7.7906538874371 -0.00349213181591398
2.67340396516239 1.39568860366621
-9.52388217743767 -0.00137923524593045
6.28379931307343 1.97383686132761
-2.57472852758134 0.009471664512998
1.42293558017322 1.04106283904956
2.49072425675131 1.34642093608249
4.46167329246528 1.86502162500631
-0.188476175434644 0.267563726984953
1.62468625746875 1.10365078622893
9.21010915772506 1.99527424182634
-7.42085980385006 0.00659209866952366
-5.01819783148314 0.00403514099780705
-4.67176225160721 0.00407015397151641
-8.47181522142996 0.0135987086803733
-5.56542870359458 0.00294859580363482
2.30331079706694 1.29261241983069
2.32321589518598 1.29321154687032
5.64230311246426 1.95325723660231
6.51668270952321 1.98571236528124
8.37320079886034 2.00036621224516
-6.39410501701683 0.00107822204356694
-9.69614603431701 -0.000755863377091134
-0.401600044064523 0.171857862302351
3.41762279753617 1.64491742627976
-6.39525244310128 0.00337100935392399
6.65852748983291 1.99753304723753
-8.21349363566348 -0.00921770772516132
7.35472393525605 2.0012149266622
-3.1825944754879 -0.0084671468732194
4.49765230612734 1.85889635278268
7.08774426511077 1.98384283183021
-2.79567164157051 -0.00688014340919144
-6.6408453859335 0.00905721687473197
-2.25407339548504 -0.00904326054301964
8.96219416838001 2.00124819379055
-4.4065532865509 -0.00815834063285179
-5.10425949130727 -0.00107549238603794
4.13976585047457 1.81147616114383
1.86991337198215 1.1853169023343
1.29816641024796 1.01476923671991
7.53092122697105 2.00356616889972
-0.69560301771169 0.107822562647759
5.47697169469423 1.95551551242441
-2.92111933850812 0.0154553938998142
-8.5581434298566 0.0123920832252344
-6.18326476839407 -0.0126302050712876
5.97217828001199 1.98590378322092
-2.49277944478116 -0.00678615650817284
-1.59691829371148 0.0175813790613483
3.34498595011262 1.61062894359817
-3.14405033420137 -0.00975553188589585
0.049460668738206 0.390557086821741
7.81246821177241 1.98937119522911
6.58482007511275 1.99639523880463
-2.4020744348848 0.00773469175539772
-3.63742501839774 -0.00588979806539086
9.43023214028678 1.98819731303005
-6.53412188315777 -0.0086780552088985
2.72009505354511 1.42141656124869
7.57552609546245 1.99360580950579
6.76470493978776 1.99687742039224
-3.01873619967814 -0.00737288793889359
6.14735210832528 1.97481429766494
7.26977701862289 1.99933231472704
-1.11376071235235 0.0312007957673022
-4.00340525543591 0.00528097759798984
6.07755569459648 1.99429759973099
8.93942102310369 1.98618692269415
0.423278164331933 0.601332252655423
-6.475916188054 0.00551797685445624
4.15832584408527 1.80836480882862
0.902731332026505 0.856887979683382
-0.407728264085776 0.171344210632246
-4.79896898943942 -0.0139949839272103
9.41796342153005 2.01123912560993
-9.04666135486515 0.0111575740297025
-7.66421713425835 0.000977611520454171
-3.9089879176408 0.00621956597712741
2.18303752416382 1.25809449085294
-4.5193492397383 -0.0109469844045043
6.99077832556306 1.9997357303647
-9.57004384010254 -0.014494814470409
6.12534070956606 1.96712545773635
-6.64446520144317 0.00864696064669294
8.38175902643265 2.00928180422084
8.56821112449715 2.00624761867965
-2.3839315028038 -0.00835507367440868
3.56868879128648 1.68381029453589
2.83103883970149 1.46879823992311
-1.88639845136329 0.00874436598117201
-9.27476416107872 0.00834762711376338
-2.57446436398233 0.00912408576118403
-3.69886217159056 0.00203676515398112
2.15939035538263 1.23834604178993
-6.51050049614973 -0.00298702813376779
1.04287867999993 0.907685237588207
6.7319119593899 1.98169765946976
6.48496157767447 1.99769237487071
-3.51828842721254 -0.00620596785701666
1.95896443855666 1.19035689765118
-1.39230238359993 0.0160749958623044
9.74594785027584 2.00698998331251
8.25068548761756 1.99815404642594
4.86000420629885 1.91192653867758
-7.11259451541103 -0.0100020868546105
-4.0755674827961 -0.00872821443150406
-6.14018764906511 -0.00527841068120808
5.74261256897351 1.9688934188184
8.65315462661592 2.01278547868199
-3.31123751255014 -0.00730270357546408
2.53832142122924 1.37451240582226
-8.72697292624061 -0.00212535650616141
-5.81930617926808 0.00924452433171983
2.81641422180307 1.44144580588044
8.36913499894088 2.00888798767809
0.670379565822472 0.739588994605284
4.60751348113639 1.8915324509026
-1.53773851640899 0.0174410074206934
-6.02757585130284 -0.00453213353330432
-8.86730405105631 0.0146858638976304
0.972207730921824 0.891917456862732
9.80849973614788 1.99514149944294
1.30412795304331 0.999888125112761
4.64070737803148 1.8968936238285
1.12130244791878 0.957797455271988
0.511388319824206 0.661352640601843
-4.02614475702016 -0.00607778785077998
3.91596214133152 1.76174213500251
6.82742135375385 1.98577590226172
-9.63612220865009 -0.00537273868280823
1.89674400061911 1.16718965546792
8.3761337401463 1.98945003544808
3.43531846643295 1.63650859455248
0.72209605836342 0.753045451397295
1.62900987927351 1.11741169605092
-2.87817307612308 0.0150087381632322
-1.55003851323748 0.019670218667408
0.497573191919329 0.649075718132645
4.39707153628781 1.86310705670417
-4.69441031180033 0.00155356287984117
-6.29649306107886 -0.0137313265906156
-0.104008950212986 0.288129392567479
-1.38470327607187 0.0257256459948352
2.67524549418987 1.39249900931442
-7.91433586450601 0.0144218222434996
-4.4128499066472 0.00574570911871634
8.59756933364004 2.01034962130529
-1.34993378379455 0.0381060835097523
4.29460128728273 1.84219847865267
-9.38024796906184 0.00370712784926256
6.20303383898836 1.98892463338562
6.97971257634286 1.99461137909067
3.66320332820329 1.71969078932854
-4.85149682965364 0.0100462060258046
7.31652983259103 1.98767378401145
4.85227507327771 1.90143588344248
-2.16185272441599 -0.00792025761570833
-0.0800503865497859 0.300799220456518
-9.65061439764035 0.00522262300704387
-3.74084533669738 0.0105640281216408
4.93691719617665 1.93373200609348
3.46736167563328 1.6474655724303
9.35639594235916 1.99365535380675
-2.50907129862505 0.00917350859823578
-1.21946290180709 0.0363046346003475
6.09389116289712 1.97015177539723
-2.10003435640083 0.00747539252319032
3.8297538999867 1.73835813744201
2.89745631967868 1.48401778632103
-1.02286861055298 0.060648780995484
-8.54744363993056 0.00476772835163028
0.820264313669199 0.811224561487626
6.21667823353881 1.98560135111158
-4.8928839314312 -0.0120438486019662
-4.08626920466808 0.00814586017143395
-9.05767139305489 -0.0114575550682069
4.7158793395247 1.88515612895934
-9.72630054039094 0.00926612988759529
-2.27175559501795 0.0174118924535595
7.07543711354013 2.00723639533032
2.7629220634973 1.43646347483112
6.94816640387153 1.9826296392909
7.12679106029164 1.99724188265979
-2.164104555333 -0.00825793460205751
-4.51317916572201 -0.00572352133086319
1.65782713224182 1.10243234668247
-9.82883463165415 0.0101380321607487
-3.31559234580574 -0.010479497548782
-0.7631227416001 0.0796045896013707
7.33125797735333 2.01033748353393
-2.42923940601308 0.0122041663634161
6.64303821851227 1.9852036306406
1.03635646307204 0.915281285175986
-3.90424462689346 0.00688839948711667
-1.3525226211231 0.0312191563193647
5.52694833890904 1.96087274637132
-0.0902670723311161 0.310357332170814
5.1374767743544 1.94003148813665
-2.63872529700784 -0.00893195062076664
2.78770832426822 1.45003043832789
-6.93980962594217 -0.000601171552949919
8.48864837956619 1.99294272244789
3.96875078386195 1.78730919503869
-1.61860593809799 0.00278907727820515
-1.90328346392299 -0.00555366292487082
0.985125789282435 0.898019892609281
0.672297858863615 0.732717421055315
6.51608183433119 2.00035439450395
-1.14221012152392 0.0305913025064859
7.14149998317332 1.99311669507304
-7.47246895411301 -0.00108541797553496
-7.30023801017502 0.00331105734337915
-3.1486884143677 0.0116073847834459
-2.68015275148692 0.0145853701619709
-4.08815227231962 -0.0067086429361383
-8.79890177548681 -0.00603057271438245
2.92809239035456 1.49151575981957
6.322127942883 1.97142682755572
6.01713015519074 1.97739639893581
1.85186548388309 1.17399337392687
-5.47113993691219 -0.0085249985199705
5.4151452239153 1.95202097367722
2.11476021521044 1.23151287104573
-9.93869425852644 -0.0137754872821641
-7.3075903681697 0.00271229642973813
-2.19911887110932 0.00936391643577743
-5.24872844235681 -0.00063938873764141
-8.02095283742098 0.00246336939047946
-0.0148253469236437 0.344288583452189
9.67393363700175 1.99442379224006
-7.43187947229835 0.00491103519343177
-2.06536158922439 -0.00276647030149685
5.61015410409688 1.95640385004159
-5.73831540290492 -0.0145127665147266
8.0992135983491 2.0068288793633
-8.40184389491789 0.00601927246432161
7.17578571687035 1.99468144232182
-5.37826534629581 -0.0104367696906933
-8.31501475170221 0.0110875909987496
-0.252250314431777 0.230147708580584
-0.0469871760233076 0.312080535991764
2.47504755418611 1.35828748088112
0.55197648087649 0.686854375528993
-1.90360580477751 0.00392764265930523
3.92144803676651 1.7724047272326
4.98215246977388 1.93382120819917
-3.85797957092045 0.00851875221056977
2.32152773589256 1.30114782271362
-3.49680667388178 0.00311675737541239
9.1236592133577 1.99394866538999
-3.06470225788978 -0.00933199069299776
-9.74234339388978 -0.00502571708775053
-5.39446767390437 -0.00126014662406923
-5.77475251319306 -0.00690687222972743
-3.70331930126945 0.00713627856894954
-8.84658262138636 0.0119117769521563
3.44136693081829 1.6507344641264
7.17119754064576 1.99066631484421
5.28494124273045 1.95179517617099
0.960991425379447 0.877199204548294
1.56892650485737 1.08136043922892
1.97943587889476 1.19765026475557
-1.10044561417162 0.0343171317186412
-1.18282635202299 0.0430384901338267
1.68993427746933 1.11411322796932
-4.33502410810895 -0.00563126516387763
-9.10001532668382 -0.00833942783128952
9.19180342105754 2.00846296804026
-5.03192825901998 -0.0125870453530333
5.69753954989942 1.95940898567907
-2.88250034223942 0.0159773848196288
-3.3793279932096 0.0113893037070587
-7.02276187636834 -0.0068934359582628
-9.13694745967298 0.0145030763097148
-9.91028942392624 0.00905781766963808
-4.49357305194077 -0.0129510304852868
5.86175825720524 1.9742614622087
-3.03238851864599 0.00607357580138659
-1.11680332473433 0.0326265267104707
6.16240019823032 1.97678347364443
-2.11165159026926 0.0136794445133717
-8.42357190520723 -0.0116105721188722
7.12972588219039 1.98554735230132
-9.90930700469427 -0.0111315237958901
2.29230590359784 1.30225537965853
-2.1408385290119 0.0193133083862805
9.58674076259918 2.00893574088737
-7.57274326172627 0.0111961774493185
-3.83195541062058 0.0107529669133454
6.61695580857092 1.98398587015594
2.94293496481266 1.47950911666333
7.55311537346891 1.99085120465145
-6.87324550431946 -0.0140462636022727
-2.30459273812194 0.00473441223630517
-9.87509840667535 0.00714203755706024
5.06228104875468 1.94040825003672
6.54162022532525 1.9933797113808
-2.75841022114953 -0.0131776545594339
9.02099120765008 1.99498577773638
7.59332104334042 1.99510075703987
9.42368891819378 1.99362088761009
-4.3578239377775 0.00273984908172516
-3.67632660827034 0.00780195220891534
-0.527059768954032 0.151914794755915
8.3191348510227 2.00042433674462
-7.51640396318528 0.0103897008273701
5.10185208920355 1.94767297221627
5.68634958482583 1.96773026811227
-1.90867600551961 -0.00298900360686973
-0.49591854425735 0.14333006118788
-9.25025885013319 0.00976919612304804
-5.61940251963428 -0.00526547263460796
-7.95126190216955 -0.00316052906395048
0.261351528354155 0.491726444321761
4.11906278261888 1.79736089560887
2.92344680656377 1.47665012740493
7.60247412149546 2.00447137342533
-3.88139929729228 -0.00683326777676174
2.92648786021978 1.50123350031855
7.4817871407091 1.99714175073706
-8.51530891216633 -0.00577121866880797
2.15535598540434 1.25016168764561
-7.06160672883463 -0.0108052256496891
9.14997749617008 2.01252525018822
-9.46796732955896 -0.00618617637337939
-6.26132256841466 0.00613142980945148
-1.02983223600567 0.0498512199940498
-4.15007859959509 0.00499831138973335
-5.86428990770877 -0.00644690884127364
4.7440816879088 1.89540178789325
2.39745397933923 1.31347098119281
-1.45891768889307 0.00936545936226594
-7.31741384697408 0.0114376364572905
1.79447472131692 1.15286554370945
6.66187061503429 1.9986762679735
-7.27994637170276 -0.00509412542149281
-7.34074254429196 0.0093689083230701
5.38928611640692 1.96382347568698
5.16391491959219 1.92979014417222
1.755703810177 1.14370392146273
3.56378815335042 1.69043711598212
-1.57509642578198 0.0230209574492067
6.97090195936262 1.99363010602278
-2.70267664944789 0.0101205697913646
4.36740478553226 1.84376725741757
-4.63858750475318 -0.00433303756485903
4.92795335468493 1.93001122182101
3.80960662564256 1.75339682302178
7.9911180254161 1.99855717673143
1.16955177950381 0.975661837200796
8.0452044303474 2.00401605323044
-0.770292131910892 0.0966014371228324
-8.89010659252243 -0.00351159713446198
8.19570322642328 2.00832894665909
5.44455497566567 1.96046818656089
1.80801677596968 1.1668587766495
3.5696493562606 1.67436507414628
1.21163816743938 0.972691242434256
2.68444505949283 1.41817844447419
4.38570551463805 1.85563551011135
-3.19998291352952 -0.000220711140732708
6.16965121404057 1.98737676323616
-7.05870640452638 -0.0126639509225299
1.67850511919731 1.12948695248575
-6.17154680528266 0.00830563608763201
6.56261725411518 1.99888876739535
-4.68860639714471 -0.0128700457388031
-6.42242444457942 -0.00638492480039145
4.84895201322253 1.9011063453159
2.79241407940042 1.45679821283534
-9.59278564183244 0.00722710498218452
-1.95526005306853 0.0217203227661103
-8.22873895419967 -0.0123287767100262
4.57905927684742 1.87713894740982
9.45721688308431 2.01350480938848
-9.12924027354315 0.0111044161868997
2.77415905642762 1.43560887584124
4.19681626671483 1.82794952221954
7.27844546377931 1.986974421871
6.38173371896436 1.99765488047675
-6.39098736928609 0.0130444715759945
-0.797569379796599 0.0851279490127386
-8.22368585291137 -0.00712785249625768
3.12011041449715 1.53598224147583
6.24748328058423 1.98833831953856
-2.67543596055596 -0.000216209462364707
-6.96383659120777 -0.00148476528014642
1.59320893851849 1.10559578598201
7.43991341248751 2.00632360340519
3.31239963265197 1.59521490289988
-6.39368156067285 -0.0123819899831039
-2.62644952242148 0.01617027870458
-0.151424270557285 0.286113306462349
-2.20470163274065 0.0121222586596272
8.23253674224482 2.01194167175868
2.15170816811586 1.24548512568906
6.64262688723547 1.98726441170955
-8.41570716616111 -0.0125405451
-3.91111100927496 -0.0111248029829558
7.78378970620643 1.98579294650205
-3.21073752492246 0.0103581604135684
-4.64988929636895 0.0111428312317839
-8.53972666254087 0.00988382290623279
3.94207318607208 1.77398941042424
2.74822664104171 1.42395118578435
4.24132651248719 1.82158508245001
9.86691962321466 1.99400111171228
8.66872292516142 2.00076514005286
4.87448593258456 1.90859622092079
-0.239853345958707 0.248523551133204
5.78139617939435 1.98574370751743
-7.0510817163845 -0.0143222516241822
-2.4434668275304 0.0023005686323741
-2.90776128507737 0.00614847944130069
5.37378816990163 1.94490637372812
-4.63886526406931 0.00396436995768388
-9.03455655959668 -0.00439826056042835
-4.90907746517799 -0.00829811163926371
-6.8691273323747 0.000804732006687503
-9.07127729736864 0.00357981299440654
-0.737539519303354 0.102381094139994
-1.75505337577597 0.0128564067933658
-5.26972808914415 0.00530876845651234
-0.511664100235194 0.137307111326677
1.21054810626426 0.990617576049872
-4.78702017738222 -0.0020769589618313
-9.78927756505406 0.000477201014595499
-6.79283278596905 -0.00368049848077427
-7.6420025807257 -0.00969514316847247
-3.11314567000132 -0.0121199107992372
-8.73524597547252 -0.00435046486989158
-9.6776436386407 0.0130627551102416
-0.690163081238993 0.102125166473252
-1.55049750552628 0.00996236318837587
4.39022868159789 1.85677174370781
2.7423398367457 1.41503453718777
-3.9245511844873 0.00895980822441368
-5.47756401121724 -0.00306130009830658
-2.32765394521202 0.00307979161474883
-1.15868008683869 0.0398298619433696
-9.92154887545233 -0.0035247746259956
4.25152225854838 1.81930260574468
-6.87212197487604 -0.00360067440343712
9.59443569734638 2.00938575766501
-8.86243864450954 0.0125767942114784
-5.94128062493333 -0.00242587055058163
-1.17144860640387 0.0478016457676176
6.14262550030126 1.99393972938946
0.574813871161055 0.672719669432469
-0.208663324548368 0.251023471070858
-4.56934613415335 0.00581013549348251
9.94257603028721 1.9865771302418
-0.419840765310582 0.175604543533621
7.12929482294548 1.98938029891218
0.273094779289025 0.504772172641395
2.84856016614945 1.44870486618574
-3.94086988453203 -0.0115639367730014
9.36476517020758 1.98774491886864
8.86630826797166 1.99249075630622
3.789371318775 1.75092500712854
7.4129145742544 1.98831978321339
5.04747455839428 1.92155706716048
-1.62045718950189 0.0233168294102864
-8.85503136150227 -0.00345176783241069
-6.95216620226255 -0.00759310412277384
4.49286793484241 1.88484905170971
-9.35576264368358 0.0138912878983033
-4.50614642373672 0.0144255516913583
4.883877602878 1.91559676250462
3.7792274221686 1.72104639644451
-6.77365952430982 0.0120892301061031
6.09360455636612 1.97593297440193
-3.27039271866191 0.0128468049434471
-2.38624727840268 -0.00719875960701495
6.28058522866361 1.98941354262129
6.27340276857147 1.98760938993118
4.11339160431034 1.80204494200017
-1.67348601667022 0.018906507811496
0.18488869833341 0.458073277488519
-2.14121166256554 0.00925451355119137
-4.99140194193977 0.00434684761563263
7.2550945267664 1.99711304538619
-5.63679861626035 -0.0127018940738851
-7.18470762337098 0.00744802400740438
-1.13698236950619 0.0382789594157943
6.91164704339535 2.00403899476044
1.24028789768836 1.0058288962494
1.48899668609907 1.05843098293421
6.44045771906328 1.99878597853219
7.5779931651595 2.00166675316464
0.93207666481824 0.880374750006509
-8.8615209001555 0.00613806065840146
-3.7949060196771 5.07369236102298e-06
-9.64669746888553 0.00852637012541767
2.060372565224 1.23346306781262
5.89400874215436 1.97416261397507
4.32682819144794 1.83561366960176
0.182793735190145 0.465296634554698
1.99088271894887 1.21893223996282
9.84626170009982 2.01429827577521
-5.14144455597112 0.00995278286470137
-2.97519421213174 0.0112211794943063
5.82866185665871 1.97352781157666
-1.34176612990053 0.020809492977514
4.23390024045354 1.82659743188553
-8.93250502541157 0.00919169168410949
-2.33476002818968 0.00376571000750684
1.91043398636928 1.19384323269306
9.95663731318963 2.01258128117156
8.78531824369524 1.99187655908636
-0.14314880037368 0.268194820323815
8.33084608906994 2.00360763104101
7.2006692372802 1.98921382835004
0.62937050673888 0.710017476675097
6.52333911818921 1.99322567276462
9.12755693996381 1.99675264335465
9.01208915636438 2.0132302804564
8.2745494839417 1.98977657476189
-4.0075300830329 -0.012019097258478
-9.16664985660567 0.00735944888627483
-4.09748680746382 0.0131321168247946
-0.399572022356622 0.191278725591973
-6.42545887191652 0.00299295472996146
-1.61202501959998 0.0144186850337242
8.84552336035348 2.00970026208232
-7.03838029346294 0.0135425135695652
-9.16267013435622 -0.00143604772959376
-8.37479578622414 0.00879343691115399
6.03571805531011 1.97117143762473
8.80733108350903 1.99316248802661
-9.53841923156908 -0.00611881126427404
-6.10179862810561 -0.0128355854418287
8.24252343708316 1.99815461935657
6.33869756989434 1.99127161734495
-3.2076099087174 0.0135122638975383
0.268124269099062 0.506497664675423
0.188575277868281 0.443364545443313
5.64640948896105 1.96664502424254
-8.63800135953731 0.00652743468466601
-5.5027022295176 -0.00169428958211587
-3.89486290388469 0.0132553384959471
1.65003843143545 1.12659659528146
-0.0553375016607305 0.309965434273747
-0.970304941138593 0.0573032355485781
-3.53532335402313 -0.0103624073466852
5.1643816358807 1.93938003587217
-6.88557326731818 -0.0133328528823429
-9.79212708823731 0.010565069069799
-0.136620917217769 0.281021517411569
-1.45295202325833 0.0183019531178882
5.81178353589003 1.9782745306713
-7.83308725377005 0.00406774312206179
9.12403137484922 1.98832454370604
8.63541544286811 1.99211687058471
-6.91464751053324 0.00297599997311014
-2.83767456073384 0.00659546202864402
3.9123687819464 1.77348482752969
-1.94000376067102 0.00236505247998958
-1.04012310095236 0.0624932536804208
7.53028418172299 2.01148281293371
3.50763047071815 1.65722566499268
-2.47484810466979 -0.0096718635844742
3.29198639529984 1.59135922050607
-4.95504412654988 0.00688183696728124
-7.15927241261475 0.000438541071582654
6.2770070110485 1.99930624984382
7.51033224600242 2.0081714396165
7.12910781751667 1.98349980934409
-7.48891664196684 -0.0144220339516195
-4.26768347380637 -0.000142915529854279
4.29685807462086 1.83641327899365
-3.80942727868252 0.0141348663150745
-0.784138963199084 0.0934886313328712
2.12094764311182 1.23327385974132
8.55112493068823 2.01342936694807
8.29856126237665 1.99898547310176
6.87295177228272 1.99896854475727
7.99854378724255 1.98502111316866
7.38976590730552 1.99882420642149
0.480217726660825 0.625344175092094
0.691750712455033 0.76465194862182
9.61484423774145 1.98711380393278
-4.53169824892647 -0.011173632137406
2.10922047721475 1.22804400703511
-3.45659408155846 -0.00932088603134995
7.37703931108165 1.99729851954349
-1.427294840231 0.0267040205815227
-4.82536473906841 -6.57644373519626e-05
-3.79511909257154 0.0111640616396793
0.0264472304461805 0.355160852509775
-6.78674228692266 0.00871164590455168
0.659635611270559 0.73109722433087
5.39882789504283 1.95159463518536
9.65070506372392 1.98942276514922
2.86339963169446 1.48027959929886
3.82611085473421 1.74348521056129
-3.97607494249392 -0.00242899941290869
-5.71742763707853 -0.00198247994854632
-7.47857118988968 -0.014266705169236
9.89258847891811 2.00933977321357
6.56798738387558 1.97785646888617
-2.40964761219637 0.0103002214416162
-7.56693818161345 0.00710912431949641
-6.59069613005478 -0.00820583391104807
5.41881693868653 1.94496618928288
1.04384204657485 0.931512072105577
-0.901974181759257 0.0544872311293618
9.57565667709751 1.99253378411726
-9.36458539469321 -0.0145959315265462
2.94362793641419 1.49825436754472
7.09400658874991 1.99717401634029
-6.18830068754257 -0.0088249848094534
6.71483163031702 1.98684250047185
-9.16954788332369 -0.000506005079880501
-1.21356589301449 0.0218881287990001
7.08670934337157 1.99551198874306
3.98759553922879 1.78521828581827
-0.954722502428993 0.0514683611538592
0.652743378892708 0.73150851712327
8.82430378554908 2.00990412044544
9.49730124385304 1.99155618183712
-8.41041102286631 -0.0060769889792307
4.73490446572619 1.90105120131809
-3.35504044539256 -0.0117067841830659
-0.432385588368547 0.159574698801975
1.93937270929943 1.19888342575522
-8.35582809864484 0.00855324568170601
2.77321058387791 1.42899467111171
3.73259041724317 1.71225433712995
-3.90487786410695 0.0136458390649096
-2.42284005424999 0.0119993357158737
0.628198366283286 0.725910696334579
7.30386844679948 2.00832069278144
2.90412566534762 1.47149175154173
1.96250636996304 1.1914531423926
-8.06734107189961 0.00957653542158015
-4.42904342506118 -0.0105873254117456
-3.4298028690359 0.00506755167859513
-5.3574562820841 0.0116153515620885
-5.3831645075801 -0.0120232347540966
-3.52152011486531 0.00330994668976187
0.26991641152442 0.506165755829398
-8.09544675969384 0.0136971478941354
-5.13978765988419 0.00340139218556575
-9.403080046471 0.00656080197038563
6.92335384707057 1.98891046977547
9.21133294594547 1.99886362901145
2.80537162613733 1.45487414467356
7.30103026660323 2.00688389892657
3.42115833266227 1.64369334847877
5.14096746584194 1.92597715204265
0.794681158935404 0.815706205038941
-5.70723160699991 -0.00383142917211392
-2.01120477707441 0.0201763181675784
5.83084367533907 1.98618352905404
-4.57807259916343 0.0106623978892435
-6.04675802019209 -0.0127254273844628
6.8726264302051 1.98512466183188
2.1311122696239 1.23738757288048
0.257414197176544 0.508366906570963
4.48082189362061 1.8651716489806
-3.83856865086791 0.0146251893841336
2.70795173791676 1.42238093014308
4.79645399200614 1.89458529705395
6.37023207668541 1.99003242294565
-2.6891265095788 0.00246073319673673
5.49714743165516 1.96988867786317
6.99758453818184 1.99562192725346
-4.48991806154901 0.00436844876993009
0.817323956708194 0.812391073745899
-2.80634532801564 -0.00414247713455551
1.71825035965377 1.13915725995048
3.02396335282857 1.50283353910822
1.49135914324113 1.07388377123691
5.872971091867 1.987563174885
5.42209447376329 1.96320680567866
-1.04710941852169 0.0524075740622443
0.910156296237616 0.859054373035523
-4.62470034187554 -0.00787225161843185
-1.27658786863698 0.0175909384601005
-8.02548230656633 -0.0114792922430927
7.88191681172059 2.0118584447596
1.74364006872231 1.13796912375079
2.65072458257144 1.39918750946212
-9.42277569862391 0.0116335822457795
-3.86564659235496 -0.00468582910008562
-8.20789752938758 -0.00613339991055064
-8.04716287402506 0.0105137852097538
2.45481668487265 1.34332718470304
-0.0568164478716682 0.329317599159388
-8.20910630655582 -0.0063649247404915
9.33715194908949 1.99173602109293
-1.63975237911096 0.00463885168834511
-6.9545222194035 0.0136529340652564
-9.71041755554261 0.00456492626484171
-1.77858748210532 -0.00249415822362718
-5.74558550810956 0.00918483223584916
3.93661778465905 1.76910113949385
3.26040615986933 1.57868891596695
-1.60353747674755 0.0109678105690339
-8.69124850815716 0.0120719467305685
-8.4714745944752 0.00750268579714067
2.02853845806835 1.2049203592175
8.93900864202315 2.00220224580952
-2.83201199957283 9.70114147158074e-06
-0.849270085228753 0.0770961358381276
4.86639238992673 1.90711831188292
-4.22021737930869 -0.0120206315627852
-6.1478985542211 0.00578943804036162
2.00474721527989 1.19696762214884
1.66419093154509 1.11613792583002
7.52390443931368 1.99365766550097
-2.22585077393454 0.00722903036650813
3.43615084515015 1.65081406784427
-2.25080758525898 0.00757658645735184
2.43665456360212 1.33371179617409
-4.42667948978588 -0.00933794768229622
-1.23237908259576 0.0390421045988529
7.71111484059425 1.99517704799974
1.94926954295362 1.18606328837133
-4.18979501189732 0.00479510335917312
-8.05983662170441 -0.00449066149305299
3.00145927136107 1.50777462303072
-8.39421853775981 -0.011870162552572
-8.95606810947434 0.008245193596038
-0.161401782966735 0.256523028741363
-1.89041125392968 0.0219471858058961
9.06332800517099 1.99747675648083
-2.59151115075177 -0.00667946515094675
-8.0686784902651 -0.0137976331291429
9.27857541511351 1.99771697369496
-9.42523386296081 -0.0147171270388594
9.5281864174607 1.99903230392211
8.73325243042068 1.99321236468402
-2.99101516085834 0.00816313375471586
-7.67617133533385 0.0136928556805141
-2.54010967905423 0.00862662052535716
1.60478261186078 1.11074779261221
9.0089226475812 1.99114785364386
1.04946918135532 0.908018747837097
-0.677700239728765 0.0914875317111419
-1.47154851091109 0.0334484106941111
-6.21617499791846 -0.0056465377320731
-0.412552845331575 0.180964293425855
8.37020633432054 2.00688116861705
5.75897750839424 1.9621336651664
-3.2803694397932 0.00573639285855886
-2.72638883516358 0.00331445096400575
-3.50567559452621 0.000264415234042737
3.62118133460449 1.69213815609671
0.298127884684121 0.530779174749331
-7.40525544838228 0.0123025701506053
-2.52506002324843 0.0163913436492952
6.23424343947242 1.98580711995581
7.99342849352122 1.98547343801634
6.03924397741615 1.98194542743071
-7.20971859876578 0.00527271095772421
9.56964470397843 1.98570781816391
-2.56632800369452 0.0134979844637957
4.7913076644712 1.90257065856673
0.37817149406898 0.578982926897904
-9.99595508263845 -0.0110642153982911
2.57222601199722 1.38279444767252
-2.27128368606692 0.0157024043911142
2.47217686737748 1.33933520754134
-3.59273969430838 0.0142591987662454
6.89779981352963 1.98804476787631
9.12569596463491 2.00558658380139
2.48112655837623 1.33997825011297
2.8094074727948 1.43469561105656
0.123046894527832 0.420846301192676
2.52875829937487 1.37352254327641
-7.14647172897763 0.0124115941913379
-4.17981261365476 -0.00638143946693081
9.32638790345955 1.99725561034561
2.46482015652042 1.34100021280183
5.9660668014974 1.98043005771641
1.22718929193518 0.993051048230756
2.18194164052996 1.25698689631825
-9.04268974525259 0.00332249163005882
8.2980254678413 1.98739238333247
7.5790006879361 1.9866800253451
-5.30239193736683 0.0135655423102221
-1.73262261127356 0.000976124704242951
4.50112761404945 1.88238712613021
1.06281574396341 0.934059134159978
-1.20849650832717 0.0339743818705444
2.84372060356894 1.46896102985502
2.44695150894508 1.3480005807085
5.61514079575709 1.97322838736169
-3.9278955284356 -0.00802413851499301
4.15596810584553 1.80315866365849
-7.06827178986053 -0.000858730789427225
4.95810179929087 1.92368191569939
3.34761296923155 1.60341841775447
-6.0970620810108 -0.0129946154601519
-1.55901178660734 0.0105816490518477
9.13276487692251 2.01178458504116
2.67521186490917 1.39386622144701
6.02851954089566 1.98702764356627
4.22417895768696 1.83851640945877
-2.89521266160257 -0.00100983836595121
4.1710359270656 1.81241996949273
-5.95567788846644 0.00259110590780898
1.90203150632591 1.18114694780901
-0.853377190481481 0.0699944401362372
-6.66316028274359 0.010580860755903
5.34964084837689 1.95539599513527
-9.0728890256289 0.0137457374231836
-2.04558964870564 -0.00186216018788111
6.31950012022237 1.97753107868421
-3.4443002425278 0.00558365290035719
-3.55935847727061 0.0146424816630424
5.83658370237849 1.97179076102005
-3.69535255545593 -0.00753064191965159
1.26253487795303 0.998102572764586
-6.58364701079698 -0.00102840670003977
-3.18485697238778 -0.0113846056122428
2.15587528916565 1.24197505390747
2.30328856781419 1.27989761087181
-3.5452475231849 0.00182530603604406
-2.89056219451659 0.000114772560338701
6.44613562110017 1.99034053355301
-5.83790841124177 -0.00854333580566293
2.18888046972303 1.27604697533431
5.22621573731378 1.95322533446525
-5.81191824037084 -0.00659749059516986
8.08811599792669 1.99426607503366
-3.01473270296775 -3.81477864563422e-05
3.75859881098727 1.73266496880009
-4.14472178769124 0.00118534405371483
-7.63021189567134 0.00644700628184337
6.47146201482293 1.99715526689073
-0.999446097968146 0.0697023481601653
-1.30364744190494 0.015917532880534
-6.70044300222095 -0.00349859153827021
5.39416202670203 1.94848797271507
1.61233154486744 1.11349530629052
-1.12067917709901 0.0548255890124647
8.55102040815915 2.00513717835667
6.40962801319326 1.981339312663
1.82625275703224 1.15723362591689
3.66347404289748 1.69726533291963
4.00661590281196 1.78956288000086
4.63072499027739 1.88355183630989
-3.93886995079988 0.0137816425861184
-2.4186300391289 -0.00782371136514714
-2.48450832011521 0.0138645676908043
-8.89741343260447 0.0105802086262139
8.31751500380157 2.01236064747438
-0.476369949048987 0.163750548412733
-1.3724225345684 0.0219259178710386
2.85155572522775 1.47116492623144
-0.645128944939373 0.111255180520684
-1.34560168298258 0.016946133952396
-7.95871772791237 0.0122486690130845
9.74971168355957 1.99890414948502
9.40567635326026 2.00246792349077
6.24547456010426 1.99745023010722
4.31865202712878 1.83770363442814
9.15994867954886 1.99878276541254
-3.93963215395111 0.0149462742398537
-2.19770893989157 0.00965523567283944
-1.63677367227173 0.0148518262231215
8.17422872670569 1.99772314758375
7.96094395960033 2.01299121452358
5.2650578671183 1.9421498855396
-1.77776016877694 0.00665150392994197
0.230286674897471 0.480509333027515
-2.93005048756022 0.00760912899092315
-7.39644185232628 0.00887556842662768
-2.03377996179746 -0.000685517273476282
7.98972214169204 2.00758180729936
-2.46452725525167 1.5355842136354e-05
9.78423128127027 1.99820597383247
-7.28456052376806 -0.00657162616044798
7.58306913535115 2.0026885107636
7.5516905959585 2.00880345254993
9.87333765242006 2.0086287566972
7.3240865420231 1.99110135872759
-9.32490956021319 0.0067648997802055
2.11840461345325 1.24981793987489
-8.0498446664182 0.0142364865023092
8.79942550986492 1.9933883795152
0.27620008179305 0.513048069138058
-0.76808387481897 0.0825824209249251
-1.46068489572762 0.0234852183613025
-7.77537753587389 -0.0081888992869398
-6.17642654913446 -0.0102385830636728
-0.206504441000632 0.253774747249446
-9.56846349832738 -0.00546952956183683
6.77032016364272 1.98189946369193
2.77816089192164 1.43308913963815
2.40060704155944 1.31580013051904
4.04718384803978 1.79949964577114
-1.67854890419711 0.0149640519481271
-8.16852315876666 0.0118648861489599
-1.81004434045583 0.0255531149101872
6.907217450239 1.99525683849577
8.31218422814139 1.98824048299107
-7.21130717411448 0.0130989192764407
-1.96966898392766 0.0107558791441666
5.31127141670659 1.96377953808846
4.55330721525648 1.87575468397645
-1.7077811029278 0.0107530353646697
-5.38287303491877 0.010701626504341
